wrist3
V
-0.001911 0.066918 0.043517
-0.001911 0.066918 0.043517
-0.001911 0.066918 0.043517
-0.001911 0.066918 0.043517
-0.001911 0.066918 0.043517
-0.001911 0.066918 0.043517
0.001931 0.065901 0.043449
0.001931 0.065901 0.043449
0.001931 0.065901 0.043449
0.001931 0.065901 0.043449
0.001931 0.065901 0.043449
0.002184 0.068341 0.043443
0.002184 0.068341 0.043443
0.002184 0.068341 0.043443
0.002184 0.068341 0.043443
0.002184 0.068341 0.043443
0.002184 0.068341 0.043443
-0.002079 0.065515 0.043411
-0.002079 0.065515 0.043411
-0.002079 0.065515 0.043411
-0.002079 0.065515 0.043411
0.000933 0.072155 0.040852
0.000933 0.072155 0.040852
0.000933 0.072155 0.040852
0.000933 0.072155 0.040852
0.000933 0.072155 0.040852
-0.000767 0.072135 0.041310
-0.000767 0.072135 0.041310
-0.000767 0.072135 0.041310
-0.000767 0.072135 0.041310
-0.000767 0.072135 0.041310
-0.002359 0.071584 0.041310
-0.002359 0.071584 0.041310
-0.002359 0.071584 0.041310
-0.002359 0.071584 0.041310
-0.002359 0.071584 0.041310
-0.002359 0.071584 0.041310
-0.003697 0.070559 0.040851
-0.003697 0.070559 0.040851
-0.003697 0.070559 0.040851
-0.003697 0.070559 0.040851
-0.003697 0.070559 0.040851
-0.004508 0.069076 0.041553
-0.004508 0.069076 0.041553
-0.004508 0.069076 0.041553
-0.004508 0.069076 0.041553
-0.004508 0.069076 0.041553
-0.004508 0.069076 0.041553
-0.004866 0.067033 0.041272
-0.004866 0.067033 0.041272
-0.004866 0.067033 0.041272
-0.004866 0.067033 0.041272
-0.004866 0.067033 0.041272
-0.004382 0.065260 0.041347
-0.004382 0.065260 0.041347
-0.004382 0.065260 0.041347
-0.004382 0.065260 0.041347
-0.004382 0.065260 0.041347
-0.004382 0.065260 0.041347
-0.003403 0.063887 0.041347
-0.003403 0.063887 0.041347
-0.003403 0.063887 0.041347
-0.003403 0.063887 0.041347
-0.003403 0.063887 0.041347
-0.003403 0.063887 0.041347
-0.001377 0.062647 0.041152
-0.001377 0.062647 0.041152
-0.001377 0.062647 0.041152
-0.001377 0.062647 0.041152
-0.001377 0.062647 0.041152
0.000122 0.062530 0.041385
0.000122 0.062530 0.041385
0.000122 0.062530 0.041385
0.000122 0.062530 0.041385
0.000122 0.062530 0.041385
0.001587 0.062766 0.041310
0.001587 0.062766 0.041310
0.001587 0.062766 0.041310
0.001587 0.062766 0.041310
0.001587 0.062766 0.041310
0.003384 0.063835 0.041315
0.003384 0.063835 0.041315
0.003384 0.063835 0.041315
0.003384 0.063835 0.041315
0.003384 0.063835 0.041315
0.004530 0.065618 0.041310
0.004530 0.065618 0.041310
0.004530 0.065618 0.041310
0.004530 0.065618 0.041310
0.004530 0.065618 0.041310
0.004530 0.065618 0.041310
0.004855 0.067288 0.041290
0.004855 0.067288 0.041290
0.004855 0.067288 0.041290
0.004855 0.067288 0.041290
0.004855 0.067288 0.041290
0.004499 0.069256 0.041242
0.004499 0.069256 0.041242
0.004499 0.069256 0.041242
0.004499 0.069256 0.041242
0.004499 0.069256 0.041242
0.004499 0.069256 0.041242
0.002916 0.071317 0.040867
0.002916 0.071317 0.040867
0.002916 0.071317 0.040867
0.002916 0.071317 0.040867
0.002916 0.071317 0.040867
0.002916 0.071317 0.040867
0.001183 0.071794 0.041914
0.001183 0.071794 0.041914
0.001183 0.071794 0.041914
0.001183 0.071794 0.041914
0.001183 0.071794 0.041914
0.001183 0.071794 0.041914
0.001509 0.070616 0.043036
0.001509 0.070616 0.043036
0.001509 0.070616 0.043036
0.001509 0.070616 0.043036
0.001509 0.070616 0.043036
0.001509 0.070616 0.043036
0.003250 0.070446 0.042143
0.003250 0.070446 0.042143
0.003250 0.070446 0.042143
0.003250 0.070446 0.042143
0.003250 0.070446 0.042143
0.003442 0.068529 0.043002
0.003442 0.068529 0.043002
0.003442 0.068529 0.043002
0.003442 0.068529 0.043002
0.003442 0.068529 0.043002
0.003442 0.068529 0.043002
0.003694 0.066738 0.042941
0.003694 0.066738 0.042941
0.003694 0.066738 0.042941
0.003694 0.066738 0.042941
0.003694 0.066738 0.042941
0.003694 0.066738 0.042941
0.003694 0.066738 0.042941
0.002900 0.064471 0.042633
0.002900 0.064471 0.042633
0.002900 0.064471 0.042633
0.002900 0.064471 0.042633
0.002900 0.064471 0.042633
0.002900 0.064471 0.042633
0.001900 0.064618 0.043166
0.001900 0.064618 0.043166
0.001900 0.064618 0.043166
0.001900 0.064618 0.043166
0.001900 0.064618 0.043166
0.000225 0.063183 0.042563
0.000225 0.063183 0.042563
0.000225 0.063183 0.042563
0.000225 0.063183 0.042563
0.000225 0.063183 0.042563
0.000225 0.063183 0.042563
0.000225 0.063183 0.042563
-0.000782 0.064438 0.043342
-0.000782 0.064438 0.043342
-0.000782 0.064438 0.043342
-0.000782 0.064438 0.043342
-0.000782 0.064438 0.043342
-0.000782 0.064438 0.043342
-0.002269 0.063531 0.042188
-0.002269 0.063531 0.042188
-0.002269 0.063531 0.042188
-0.002269 0.063531 0.042188
-0.002269 0.063531 0.042188
-0.003325 0.065155 0.042696
-0.003325 0.065155 0.042696
-0.003325 0.065155 0.042696
-0.003325 0.065155 0.042696
-0.003325 0.065155 0.042696
-0.003325 0.065155 0.042696
-0.003697 0.067180 0.042970
-0.003697 0.067180 0.042970
-0.003697 0.067180 0.042970
-0.003697 0.067180 0.042970
-0.003697 0.067180 0.042970
-0.003697 0.067180 0.042970
-0.003697 0.067180 0.042970
-0.003697 0.067180 0.042970
-0.003333 0.068961 0.042906
-0.003333 0.068961 0.042906
-0.003333 0.068961 0.042906
-0.003333 0.068961 0.042906
-0.003333 0.068961 0.042906
-0.003709 0.070076 0.041907
-0.003709 0.070076 0.041907
-0.003709 0.070076 0.041907
-0.003709 0.070076 0.041907
-0.003709 0.070076 0.041907
-0.001439 0.071038 0.042766
-0.001439 0.071038 0.042766
-0.001439 0.071038 0.042766
-0.001439 0.071038 0.042766
-0.001439 0.071038 0.042766
-0.001439 0.071038 0.042766
-0.001439 0.071038 0.042766
-0.001439 0.071038 0.042766
-0.002031 0.069460 0.043340
-0.002031 0.069460 0.043340
-0.002031 0.069460 0.043340
-0.002031 0.069460 0.043340
-0.002031 0.069460 0.043340
-0.000010 0.069939 0.043431
-0.000010 0.069939 0.043431
-0.000010 0.069939 0.043431
-0.000010 0.069939 0.043431
-0.000010 0.069939 0.043431
0.004981 0.066960 0.039436
0.004981 0.066960 0.039436
0.004981 0.066960 0.039436
0.004981 0.066960 0.039436
0.004981 0.066960 0.039436
0.004981 0.066960 0.039436
0.004981 0.066960 0.039436
0.004066 0.070252 0.039436
0.004066 0.070252 0.039436
0.004066 0.070252 0.039436
0.004066 0.070252 0.039436
0.004066 0.070252 0.039436
0.004066 0.070252 0.039436
0.004066 0.070252 0.039436
0.001653 0.072017 0.039436
0.001653 0.072017 0.039436
0.001653 0.072017 0.039436
0.001653 0.072017 0.039436
0.001653 0.072017 0.039436
-0.000903 0.072218 0.039436
-0.000903 0.072218 0.039436
-0.000903 0.072218 0.039436
-0.000903 0.072218 0.039436
-0.000903 0.072218 0.039436
-0.000903 0.072218 0.039436
-0.000903 0.072218 0.039436
-0.003217 0.071114 0.039436
-0.003217 0.071114 0.039436
-0.003217 0.071114 0.039436
-0.003217 0.071114 0.039436
-0.003217 0.071114 0.039436
-0.003217 0.071114 0.039436
-0.004838 0.068595 0.039436
-0.004838 0.068595 0.039436
-0.004838 0.068595 0.039436
-0.004838 0.068595 0.039436
-0.004838 0.068595 0.039436
-0.004838 0.068595 0.039436
-0.004838 0.068595 0.039436
-0.004838 0.068595 0.039436
-0.004745 0.066039 0.039436
-0.004745 0.066039 0.039436
-0.004745 0.066039 0.039436
-0.004745 0.066039 0.039436
-0.004745 0.066039 0.039436
-0.004745 0.066039 0.039436
-0.003766 0.064130 0.039436
-0.003766 0.064130 0.039436
-0.003766 0.064130 0.039436
-0.003766 0.064130 0.039436
-0.003766 0.064130 0.039436
-0.003766 0.064130 0.039436
-0.001248 0.062509 0.039436
-0.001248 0.062509 0.039436
-0.001248 0.062509 0.039436
-0.001248 0.062509 0.039436
-0.001248 0.062509 0.039436
-0.001248 0.062509 0.039436
-0.001248 0.062509 0.039436
0.001735 0.062708 0.039436
0.001735 0.062708 0.039436
0.001735 0.062708 0.039436
0.001735 0.062708 0.039436
0.001735 0.062708 0.039436
0.001735 0.062708 0.039436
0.001735 0.062708 0.039436
0.003822 0.064197 0.039436
0.003822 0.064197 0.039436
0.003822 0.064197 0.039436
0.003822 0.064197 0.039436
0.003822 0.064197 0.039436
0.003822 0.064197 0.039436
-0.000000 0.090895 0.024436
-0.000000 0.090895 0.024436
-0.000000 0.090895 0.024436
-0.000000 0.090895 0.024436
-0.000000 0.090895 0.024436
-0.000000 0.090895 0.024436
-0.000000 0.090895 0.024436
-0.000000 0.090895 0.024436
-0.000000 0.090895 0.024436
0.003028 0.092694 0.025040
0.003028 0.092694 0.025040
0.003028 0.092694 0.025040
0.003028 0.092694 0.025040
0.003028 0.092694 0.025040
0.002539 0.092695 0.022737
0.002539 0.092695 0.022737
0.002539 0.092695 0.022737
0.002539 0.092695 0.022737
0.002539 0.092695 0.022737
0.000853 0.092695 0.021502
0.000853 0.092695 0.021502
0.000853 0.092695 0.021502
0.000853 0.092695 0.021502
0.000853 0.092695 0.021502
-0.000983 0.092696 0.021571
-0.000983 0.092696 0.021571
-0.000983 0.092696 0.021571
-0.000983 0.092696 0.021571
-0.000983 0.092696 0.021571
-0.002465 0.092695 0.022631
-0.002465 0.092695 0.022631
-0.002465 0.092695 0.022631
-0.002465 0.092695 0.022631
-0.002465 0.092695 0.022631
-0.003053 0.092694 0.024903
-0.003053 0.092694 0.024903
-0.003053 0.092694 0.024903
-0.003053 0.092694 0.024903
-0.003053 0.092694 0.024903
-0.001805 0.092695 0.026900
-0.001805 0.092695 0.026900
-0.001805 0.092695 0.026900
-0.001805 0.092695 0.026900
-0.001805 0.092695 0.026900
0.000202 0.092695 0.027484
0.000202 0.092695 0.027484
0.000202 0.092695 0.027484
0.000202 0.092695 0.027484
0.000202 0.092695 0.027484
0.001903 0.092696 0.026792
0.001903 0.092696 0.026792
0.001903 0.092696 0.026792
0.001903 0.092696 0.026792
0.001903 0.092696 0.026792
-0.015121 0.089797 0.012945
-0.015121 0.089797 0.012945
-0.015121 0.089797 0.012945
-0.015121 0.089797 0.012945
-0.018219 0.089797 0.021920
-0.018219 0.089797 0.021920
-0.018219 0.089797 0.021920
-0.018219 0.089797 0.021920
-0.018406 0.089797 0.012374
-0.018406 0.089797 0.012374
-0.018406 0.089797 0.012374
-0.018406 0.089797 0.012374
-0.012975 0.089797 0.015979
-0.012975 0.089797 0.015979
-0.012975 0.089797 0.015979
-0.012975 0.089797 0.015979
-0.013093 0.089797 0.018419
-0.013093 0.089797 0.018419
-0.013093 0.089797 0.018419
-0.013093 0.089797 0.018419
-0.014634 0.089797 0.020942
-0.014634 0.089797 0.020942
-0.014634 0.089797 0.020942
-0.014634 0.089797 0.020942
-0.020472 0.089797 0.020974
-0.020472 0.089797 0.020974
-0.020472 0.089797 0.020974
-0.022316 0.089797 0.018664
-0.022316 0.089797 0.018664
-0.022316 0.089797 0.018664
-0.022316 0.089797 0.018664
-0.022316 0.089797 0.018664
-0.022147 0.089797 0.015375
-0.022147 0.089797 0.015375
-0.022147 0.089797 0.015375
-0.022147 0.089797 0.015375
-0.020679 0.089797 0.013373
-0.020679 0.089797 0.013373
-0.020679 0.089797 0.013373
-0.020679 0.089797 0.013373
0.020234 0.089797 0.012945
0.020234 0.089797 0.012945
0.020234 0.089797 0.012945
0.020234 0.089797 0.012945
0.017136 0.089797 0.021920
0.017136 0.089797 0.021920
0.017136 0.089797 0.021920
0.017136 0.089797 0.021920
0.016949 0.089797 0.012374
0.016949 0.089797 0.012374
0.016949 0.089797 0.012374
0.016949 0.089797 0.012374
0.022380 0.089797 0.015979
0.022380 0.089797 0.015979
0.022380 0.089797 0.015979
0.022380 0.089797 0.015979
0.022261 0.089797 0.018419
0.022261 0.089797 0.018419
0.022261 0.089797 0.018419
0.022261 0.089797 0.018419
0.020721 0.089797 0.020942
0.020721 0.089797 0.020942
0.020721 0.089797 0.020942
0.020721 0.089797 0.020942
0.014173 0.089797 0.020448
0.014173 0.089797 0.020448
0.014173 0.089797 0.020448
0.014173 0.089797 0.020448
0.013055 0.089797 0.018275
0.013055 0.089797 0.018275
0.013055 0.089797 0.018275
0.013055 0.089797 0.018275
0.013038 0.089797 0.015745
0.013038 0.089797 0.015745
0.013038 0.089797 0.015745
0.013038 0.089797 0.015745
0.014676 0.089797 0.013373
0.014676 0.089797 0.013373
0.014676 0.089797 0.013373
0.014676 0.089797 0.013373
-0.018399 0.089797 -0.023078
-0.018399 0.089797 -0.023078
-0.018399 0.089797 -0.023078
-0.018399 0.089797 -0.023078
-0.018219 0.089797 -0.013435
-0.018219 0.089797 -0.013435
-0.018219 0.089797 -0.013435
-0.018219 0.089797 -0.013435
-0.014805 0.089797 -0.022133
-0.014805 0.089797 -0.022133
-0.014805 0.089797 -0.022133
-0.014805 0.089797 -0.022133
-0.012975 0.089797 -0.019376
-0.012975 0.089797 -0.019376
-0.012975 0.089797 -0.019376
-0.012975 0.089797 -0.019376
-0.013093 0.089797 -0.016936
-0.013093 0.089797 -0.016936
-0.013093 0.089797 -0.016936
-0.013093 0.089797 -0.016936
-0.014634 0.089797 -0.014413
-0.014634 0.089797 -0.014413
-0.014634 0.089797 -0.014413
-0.014634 0.089797 -0.014413
-0.021182 0.089797 -0.014907
-0.021182 0.089797 -0.014907
-0.021182 0.089797 -0.014907
-0.022300 0.089797 -0.017079
-0.022300 0.089797 -0.017079
-0.022300 0.089797 -0.017079
-0.022300 0.089797 -0.017079
-0.022317 0.089797 -0.019609
-0.022317 0.089797 -0.019609
-0.022317 0.089797 -0.019609
-0.022317 0.089797 -0.019609
-0.020995 0.089797 -0.021664
-0.020995 0.089797 -0.021664
-0.020995 0.089797 -0.021664
0.016956 0.089797 -0.023078
0.016956 0.089797 -0.023078
0.016956 0.089797 -0.023078
0.016956 0.089797 -0.023078
0.017136 0.089797 -0.013435
0.017136 0.089797 -0.013435
0.017136 0.089797 -0.013435
0.017136 0.089797 -0.013435
0.020550 0.089797 -0.022133
0.020550 0.089797 -0.022133
0.020550 0.089797 -0.022133
0.020550 0.089797 -0.022133
0.020550 0.089797 -0.022133
0.022380 0.089797 -0.019376
0.022380 0.089797 -0.019376
0.022380 0.089797 -0.019376
0.022380 0.089797 -0.019376
0.022261 0.089797 -0.016936
0.022261 0.089797 -0.016936
0.022261 0.089797 -0.016936
0.022261 0.089797 -0.016936
0.020721 0.089797 -0.014413
0.020721 0.089797 -0.014413
0.020721 0.089797 -0.014413
0.020721 0.089797 -0.014413
0.014173 0.089797 -0.014907
0.014173 0.089797 -0.014907
0.014173 0.089797 -0.014907
0.014173 0.089797 -0.014907
0.013055 0.089797 -0.017079
0.013055 0.089797 -0.017079
0.013055 0.089797 -0.017079
0.013038 0.089797 -0.019609
0.013038 0.089797 -0.019609
0.013038 0.089797 -0.019609
0.013038 0.089797 -0.019609
0.013038 0.089797 -0.019609
0.014360 0.089797 -0.021664
0.014360 0.089797 -0.021664
0.014360 0.089797 -0.021664
0.001294 0.092697 0.015185
0.001294 0.092697 0.015185
0.001294 0.092697 0.015185
0.013829 0.092697 0.007080
0.013829 0.092697 0.007080
0.013829 0.092697 0.007080
0.013829 0.092697 0.007080
-0.003847 0.092697 0.014763
-0.003847 0.092697 0.014763
-0.003847 0.092697 0.014763
-0.003847 0.092697 0.014763
-0.008579 0.092697 0.012706
-0.008579 0.092697 0.012706
-0.008579 0.092697 0.012706
-0.008579 0.092697 0.012706
-0.008579 0.092697 0.012706
-0.014891 0.092697 0.004719
-0.014891 0.092697 0.004719
-0.014891 0.092697 0.004719
-0.014891 0.092697 0.004719
-0.012396 0.092697 0.009235
-0.012396 0.092697 0.009235
-0.012396 0.092697 0.009235
-0.012396 0.092697 0.009235
-0.015798 0.092697 -0.000363
-0.015798 0.092697 -0.000363
-0.015798 0.092697 -0.000363
-0.015798 0.092697 -0.000363
-0.012633 0.092697 -0.010048
-0.012633 0.092697 -0.010048
-0.012633 0.092697 -0.010048
-0.012633 0.092697 -0.010048
-0.015018 0.092697 -0.005467
-0.015018 0.092697 -0.005467
-0.015018 0.092697 -0.005467
-0.015018 0.092697 -0.005467
-0.008895 0.092697 -0.013616
-0.008895 0.092697 -0.013616
-0.008895 0.092697 -0.013616
-0.008895 0.092697 -0.013616
0.001394 0.092697 -0.016329
0.001394 0.092697 -0.016329
0.001394 0.092697 -0.016329
0.001394 0.092697 -0.016329
0.001394 0.092697 -0.016329
-0.004204 0.092697 -0.015787
-0.004204 0.092697 -0.015787
-0.004204 0.092697 -0.015787
-0.004204 0.092697 -0.015787
0.006640 0.092697 -0.014894
0.006640 0.092697 -0.014894
0.006640 0.092697 -0.014894
0.006640 0.092697 -0.014894
0.014014 0.092697 -0.007855
0.014014 0.092697 -0.007855
0.014014 0.092697 -0.007855
0.014014 0.092697 -0.007855
0.010911 0.092697 -0.011986
0.010911 0.092697 -0.011986
0.010911 0.092697 -0.011986
0.010911 0.092697 -0.011986
0.015618 0.092697 -0.002947
0.015618 0.092697 -0.002947
0.015618 0.092697 -0.002947
0.015618 0.092697 -0.002947
0.015553 0.092697 0.002215
0.015553 0.092697 0.002215
0.015553 0.092697 0.002215
0.015553 0.092697 0.002215
0.015553 0.092697 0.002215
0.010629 0.092697 0.011128
0.010629 0.092697 0.011128
0.010629 0.092697 0.011128
0.010629 0.092697 0.011128
0.006296 0.092697 0.013929
0.006296 0.092697 0.013929
0.006296 0.092697 0.013929
0.006296 0.092697 0.013929
0.004753 0.066064 0.036436
0.004753 0.066064 0.036436
0.004753 0.066064 0.036436
0.004753 0.066064 0.036436
0.004753 0.066064 0.036436
0.003792 0.064159 0.036436
0.003792 0.064159 0.036436
0.003792 0.064159 0.036436
0.003792 0.064159 0.036436
0.001290 0.062520 0.036436
0.001290 0.062520 0.036436
0.001290 0.062520 0.036436
0.001290 0.062520 0.036436
0.001290 0.062520 0.036436
0.001290 0.062520 0.036436
0.001290 0.062520 0.036436
-0.001699 0.062694 0.036436
-0.001699 0.062694 0.036436
-0.001699 0.062694 0.036436
-0.001699 0.062694 0.036436
-0.001699 0.062694 0.036436
-0.001699 0.062694 0.036436
-0.003799 0.064167 0.036436
-0.003799 0.064167 0.036436
-0.003799 0.064167 0.036436
-0.003799 0.064167 0.036436
-0.003799 0.064167 0.036436
-0.004758 0.066082 0.036436
-0.004758 0.066082 0.036436
-0.004758 0.066082 0.036436
-0.004758 0.066082 0.036436
-0.004758 0.066082 0.036436
-0.004878 0.068213 0.036436
-0.004878 0.068213 0.036436
-0.004878 0.068213 0.036436
-0.004878 0.068213 0.036436
-0.004878 0.068213 0.036436
-0.004878 0.068213 0.036436
-0.004028 0.070179 0.036436
-0.004028 0.070179 0.036436
-0.004028 0.070179 0.036436
-0.004028 0.070179 0.036436
-0.004028 0.070179 0.036436
-0.002109 0.071878 0.036436
-0.002109 0.071878 0.036436
-0.002109 0.071878 0.036436
-0.002109 0.071878 0.036436
-0.002109 0.071878 0.036436
-0.002109 0.071878 0.036436
-0.002109 0.071878 0.036436
0.001296 0.072173 0.036436
0.001296 0.072173 0.036436
0.001296 0.072173 0.036436
0.001296 0.072173 0.036436
0.001296 0.072173 0.036436
0.001296 0.072173 0.036436
0.003488 0.070822 0.036436
0.003488 0.070822 0.036436
0.003488 0.070822 0.036436
0.003488 0.070822 0.036436
0.004827 0.068638 0.036436
0.004827 0.068638 0.036436
0.004827 0.068638 0.036436
0.004827 0.068638 0.036436
0.004827 0.068638 0.036436
0.004827 0.068638 0.036436
0.000796 0.098796 0.021407
0.000796 0.098796 0.021407
0.000796 0.098796 0.021407
0.000796 0.098796 0.021407
0.000796 0.098796 0.021407
0.000796 0.098796 0.021407
-0.001057 0.098790 0.021519
-0.001057 0.098790 0.021519
-0.001057 0.098790 0.021519
-0.001057 0.098790 0.021519
-0.001057 0.098790 0.021519
-0.002679 0.098794 0.022782
-0.002679 0.098794 0.022782
-0.002679 0.098794 0.022782
-0.002679 0.098794 0.022782
-0.002679 0.098794 0.022782
-0.003098 0.098800 0.025057
-0.003098 0.098800 0.025057
-0.003098 0.098800 0.025057
-0.003098 0.098800 0.025057
-0.003098 0.098800 0.025057
-0.002006 0.098807 0.026814
-0.002006 0.098807 0.026814
-0.002006 0.098807 0.026814
-0.002006 0.098807 0.026814
-0.000258 0.098796 0.027557
-0.000258 0.098796 0.027557
-0.000258 0.098796 0.027557
-0.000258 0.098796 0.027557
-0.000258 0.098796 0.027557
-0.000258 0.098796 0.027557
0.001534 0.098811 0.027146
0.001534 0.098811 0.027146
0.001534 0.098811 0.027146
0.001534 0.098811 0.027146
0.001534 0.098811 0.027146
0.002726 0.098809 0.026021
0.002726 0.098809 0.026021
0.002726 0.098809 0.026021
0.002726 0.098809 0.026021
0.002726 0.098809 0.026021
0.002726 0.098809 0.026021
0.003108 0.098782 0.024137
0.003108 0.098782 0.024137
0.003108 0.098782 0.024137
0.003108 0.098782 0.024137
0.003108 0.098782 0.024137
0.003108 0.098782 0.024137
0.002379 0.098790 0.022445
0.002379 0.098790 0.022445
0.002379 0.098790 0.022445
0.002379 0.098790 0.022445
0.002379 0.098790 0.022445
-0.018574 0.098384 0.012402
-0.018574 0.098384 0.012402
-0.018574 0.098384 0.012402
-0.018574 0.098384 0.012402
-0.018574 0.098384 0.012402
-0.018574 0.098384 0.012402
-0.020788 0.098393 0.013463
-0.020788 0.098393 0.013463
-0.020788 0.098393 0.013463
-0.020788 0.098393 0.013463
-0.020788 0.098393 0.013463
-0.020788 0.098393 0.013463
-0.022197 0.098393 0.015507
-0.022197 0.098393 0.015507
-0.022197 0.098393 0.015507
-0.022197 0.098393 0.015507
-0.022197 0.098393 0.015507
-0.022396 0.098399 0.017974
-0.022396 0.098399 0.017974
-0.022396 0.098399 0.017974
-0.022396 0.098399 0.017974
-0.022396 0.098399 0.017974
-0.020786 0.098387 0.020886
-0.020786 0.098387 0.020886
-0.020786 0.098387 0.020886
-0.020786 0.098387 0.020886
-0.020786 0.098387 0.020886
-0.020786 0.098387 0.020886
-0.020786 0.098387 0.020886
-0.017215 0.098391 0.021928
-0.017215 0.098391 0.021928
-0.017215 0.098391 0.021928
-0.017215 0.098391 0.021928
-0.017215 0.098391 0.021928
-0.017215 0.098391 0.021928
-0.014228 0.098391 0.020504
-0.014228 0.098391 0.020504
-0.014228 0.098391 0.020504
-0.014228 0.098391 0.020504
-0.014228 0.098391 0.020504
-0.014228 0.098391 0.020504
-0.012948 0.098398 0.017908
-0.012948 0.098398 0.017908
-0.012948 0.098398 0.017908
-0.012948 0.098398 0.017908
-0.012948 0.098398 0.017908
-0.012948 0.098398 0.017908
-0.013183 0.098393 0.015440
-0.013183 0.098393 0.015440
-0.013183 0.098393 0.015440
-0.013183 0.098393 0.015440
-0.013183 0.098393 0.015440
-0.015272 0.098386 0.012858
-0.015272 0.098386 0.012858
-0.015272 0.098386 0.012858
-0.015272 0.098386 0.012858
-0.015272 0.098386 0.012858
-0.015272 0.098386 0.012858
0.016809 0.098393 0.012397
0.016809 0.098393 0.012397
0.016809 0.098393 0.012397
0.016809 0.098393 0.012397
0.016809 0.098393 0.012397
0.016809 0.098393 0.012397
0.014567 0.098393 0.013463
0.014567 0.098393 0.013463
0.014567 0.098393 0.013463
0.014567 0.098393 0.013463
0.014567 0.098393 0.013463
0.014567 0.098393 0.013463
0.012995 0.098391 0.015902
0.012995 0.098391 0.015902
0.012995 0.098391 0.015902
0.012995 0.098391 0.015902
0.012995 0.098391 0.015902
0.012995 0.098391 0.015902
0.013466 0.098386 0.019596
0.013466 0.098386 0.019596
0.013466 0.098386 0.019596
0.013466 0.098386 0.019596
0.013466 0.098386 0.019596
0.013466 0.098386 0.019596
0.016466 0.098391 0.021796
0.016466 0.098391 0.021796
0.016466 0.098391 0.021796
0.016466 0.098391 0.021796
0.016466 0.098391 0.021796
0.016466 0.098391 0.021796
0.018954 0.098390 0.021706
0.018954 0.098390 0.021706
0.018954 0.098390 0.021706
0.018954 0.098390 0.021706
0.018954 0.098390 0.021706
0.018954 0.098390 0.021706
0.021126 0.098391 0.020504
0.021126 0.098391 0.020504
0.021126 0.098391 0.020504
0.021126 0.098391 0.020504
0.021126 0.098391 0.020504
0.021126 0.098391 0.020504
0.022407 0.098398 0.017908
0.022407 0.098398 0.017908
0.022407 0.098398 0.017908
0.022407 0.098398 0.017908
0.022407 0.098398 0.017908
0.021888 0.098386 0.014631
0.021888 0.098386 0.014631
0.021888 0.098386 0.014631
0.021888 0.098386 0.014631
0.021888 0.098386 0.014631
0.021888 0.098386 0.014631
0.021888 0.098386 0.014631
0.019281 0.098398 0.012593
0.019281 0.098398 0.012593
0.019281 0.098398 0.012593
0.019281 0.098398 0.012593
0.019281 0.098398 0.012593
-0.017713 0.098393 -0.023037
-0.017713 0.098393 -0.023037
-0.017713 0.098393 -0.023037
-0.017713 0.098393 -0.023037
-0.020881 0.098368 -0.021932
-0.020881 0.098368 -0.021932
-0.020881 0.098368 -0.021932
-0.020881 0.098368 -0.021932
-0.020881 0.098368 -0.021932
-0.020881 0.098368 -0.021932
-0.020881 0.098368 -0.021932
-0.020881 0.098368 -0.021932
-0.022499 0.098391 -0.018622
-0.022499 0.098391 -0.018622
-0.022499 0.098391 -0.018622
-0.022499 0.098391 -0.018622
-0.022499 0.098391 -0.018622
-0.022499 0.098391 -0.018622
-0.022499 0.098391 -0.018622
-0.021368 0.098368 -0.015038
-0.021368 0.098368 -0.015038
-0.021368 0.098368 -0.015038
-0.021368 0.098368 -0.015038
-0.021368 0.098368 -0.015038
-0.021368 0.098368 -0.015038
-0.021368 0.098368 -0.015038
-0.018058 0.098391 -0.013420
-0.018058 0.098391 -0.013420
-0.018058 0.098391 -0.013420
-0.018058 0.098391 -0.013420
-0.018058 0.098391 -0.013420
-0.014501 0.098386 -0.014526
-0.014501 0.098386 -0.014526
-0.014501 0.098386 -0.014526
-0.014501 0.098386 -0.014526
-0.014501 0.098386 -0.014526
-0.014501 0.098386 -0.014526
-0.012856 0.098391 -0.017861
-0.012856 0.098391 -0.017861
-0.012856 0.098391 -0.017861
-0.012856 0.098391 -0.017861
-0.012856 0.098391 -0.017861
-0.012856 0.098391 -0.017861
-0.013544 0.098398 -0.020673
-0.013544 0.098398 -0.020673
-0.013544 0.098398 -0.020673
-0.013544 0.098398 -0.020673
-0.013544 0.098398 -0.020673
-0.013544 0.098398 -0.020673
-0.015310 0.098393 -0.022413
-0.015310 0.098393 -0.022413
-0.015310 0.098393 -0.022413
-0.015310 0.098393 -0.022413
-0.015310 0.098393 -0.022413
0.018058 0.098391 -0.023063
0.018058 0.098391 -0.023063
0.018058 0.098391 -0.023063
0.018058 0.098391 -0.023063
0.018058 0.098391 -0.023063
0.018058 0.098391 -0.023063
0.014869 0.098391 -0.022179
0.014869 0.098391 -0.022179
0.014869 0.098391 -0.022179
0.014869 0.098391 -0.022179
0.014869 0.098391 -0.022179
0.014869 0.098391 -0.022179
0.014869 0.098391 -0.022179
0.013157 0.098398 -0.019845
0.013157 0.098398 -0.019845
0.013157 0.098398 -0.019845
0.013157 0.098398 -0.019845
0.013157 0.098398 -0.019845
0.013099 0.098386 -0.016528
0.013099 0.098386 -0.016528
0.013099 0.098386 -0.016528
0.013099 0.098386 -0.016528
0.013099 0.098386 -0.016528
0.013099 0.098386 -0.016528
0.013099 0.098386 -0.016528
0.015310 0.098393 -0.014070
0.015310 0.098393 -0.014070
0.015310 0.098393 -0.014070
0.015310 0.098393 -0.014070
0.015310 0.098393 -0.014070
0.018174 0.098377 -0.013431
0.018174 0.098377 -0.013431
0.018174 0.098377 -0.013431
0.018174 0.098377 -0.013431
0.018174 0.098377 -0.013431
0.018174 0.098377 -0.013431
0.021126 0.098391 -0.014850
0.021126 0.098391 -0.014850
0.021126 0.098391 -0.014850
0.021126 0.098391 -0.014850
0.021126 0.098391 -0.014850
0.021126 0.098391 -0.014850
0.022499 0.098391 -0.017861
0.022499 0.098391 -0.017861
0.022499 0.098391 -0.017861
0.022499 0.098391 -0.017861
0.022499 0.098391 -0.017861
0.022499 0.098391 -0.017861
0.021811 0.098398 -0.020673
0.021811 0.098398 -0.020673
0.021811 0.098398 -0.020673
0.021811 0.098398 -0.020673
0.021811 0.098398 -0.020673
0.021811 0.098398 -0.020673
0.020376 0.098390 -0.022171
0.020376 0.098390 -0.022171
0.020376 0.098390 -0.022171
0.020376 0.098390 -0.022171
0.020376 0.098390 -0.022171
0.001169 0.097898 0.015237
0.001169 0.097898 0.015237
0.001169 0.097898 0.015237
0.001169 0.097898 0.015237
0.001169 0.097898 0.015237
0.001169 0.097898 0.015237
0.001169 0.097898 0.015237
0.001169 0.097898 0.015237
-0.004783 0.097893 0.014490
-0.004783 0.097893 0.014490
-0.004783 0.097893 0.014490
-0.004783 0.097893 0.014490
-0.004783 0.097893 0.014490
-0.004783 0.097893 0.014490
-0.008418 0.097897 0.012748
-0.008418 0.097897 0.012748
-0.008418 0.097897 0.012748
-0.008418 0.097897 0.012748
-0.011245 0.097894 0.010530
-0.011245 0.097894 0.010530
-0.011245 0.097894 0.010530
-0.011245 0.097894 0.010530
-0.011245 0.097894 0.010530
-0.011245 0.097894 0.010530
-0.014147 0.097911 0.006463
-0.014147 0.097911 0.006463
-0.014147 0.097911 0.006463
-0.014147 0.097911 0.006463
-0.014147 0.097911 0.006463
-0.014147 0.097911 0.006463
-0.015655 0.097888 0.001551
-0.015655 0.097888 0.001551
-0.015655 0.097888 0.001551
-0.015655 0.097888 0.001551
-0.015655 0.097888 0.001551
-0.015655 0.097888 0.001551
-0.015531 0.097904 -0.003447
-0.015531 0.097904 -0.003447
-0.015531 0.097904 -0.003447
-0.015531 0.097904 -0.003447
-0.015531 0.097904 -0.003447
-0.013813 0.097904 -0.008230
-0.013813 0.097904 -0.008230
-0.013813 0.097904 -0.008230
-0.013813 0.097904 -0.008230
-0.013813 0.097904 -0.008230
-0.013813 0.097904 -0.008230
-0.010608 0.097889 -0.012271
-0.010608 0.097889 -0.012271
-0.010608 0.097889 -0.012271
-0.010608 0.097889 -0.012271
-0.010608 0.097889 -0.012271
-0.010608 0.097889 -0.012271
-0.010608 0.097889 -0.012271
-0.006413 0.097904 -0.015002
-0.006413 0.097904 -0.015002
-0.006413 0.097904 -0.015002
-0.006413 0.097904 -0.015002
-0.006413 0.097904 -0.015002
-0.002526 0.097897 -0.016110
-0.002526 0.097897 -0.016110
-0.002526 0.097897 -0.016110
-0.002526 0.097897 -0.016110
-0.002526 0.097897 -0.016110
-0.002526 0.097897 -0.016110
0.001610 0.097890 -0.016285
0.001610 0.097890 -0.016285
0.001610 0.097890 -0.016285
0.001610 0.097890 -0.016285
0.001610 0.097890 -0.016285
0.004988 0.097897 -0.015503
0.004988 0.097897 -0.015503
0.004988 0.097897 -0.015503
0.004988 0.097897 -0.015503
0.004988 0.097897 -0.015503
0.004988 0.097897 -0.015503
0.008659 0.097913 -0.013777
0.008659 0.097913 -0.013777
0.008659 0.097913 -0.013777
0.008659 0.097913 -0.013777
0.008659 0.097913 -0.013777
0.008659 0.097913 -0.013777
0.012399 0.097904 -0.010352
0.012399 0.097904 -0.010352
0.012399 0.097904 -0.010352
0.012399 0.097904 -0.010352
0.012399 0.097904 -0.010352
0.014865 0.097904 -0.005908
0.014865 0.097904 -0.005908
0.014865 0.097904 -0.005908
0.014865 0.097904 -0.005908
0.014865 0.097904 -0.005908
0.014865 0.097904 -0.005908
0.015756 0.097921 -0.001320
0.015756 0.097921 -0.001320
0.015756 0.097921 -0.001320
0.015756 0.097921 -0.001320
0.015756 0.097921 -0.001320
0.015431 0.097897 0.002587
0.015431 0.097897 0.002587
0.015431 0.097897 0.002587
0.015431 0.097897 0.002587
0.015431 0.097897 0.002587
0.014134 0.097903 0.006487
0.014134 0.097903 0.006487
0.014134 0.097903 0.006487
0.014134 0.097903 0.006487
0.014134 0.097903 0.006487
0.014134 0.097903 0.006487
0.011163 0.097903 0.010611
0.011163 0.097903 0.010611
0.011163 0.097903 0.010611
0.011163 0.097903 0.010611
0.011163 0.097903 0.010611
0.011163 0.097903 0.010611
0.007026 0.097911 0.013581
0.007026 0.097911 0.013581
0.007026 0.097911 0.013581
0.007026 0.097911 0.013581
0.007026 0.097911 0.013581
0.007026 0.097911 0.013581
-0.017079 0.098895 0.022425
-0.017079 0.098895 0.022425
-0.017079 0.098895 0.022425
-0.017079 0.098895 0.022425
-0.017079 0.098895 0.022425
-0.013805 0.098895 0.020797
-0.013805 0.098895 0.020797
-0.013805 0.098895 0.020797
-0.013805 0.098895 0.020797
-0.013805 0.098895 0.020797
-0.021211 0.098922 0.021294
-0.021211 0.098922 0.021294
-0.021211 0.098922 0.021294
-0.021211 0.098922 0.021294
-0.021211 0.098922 0.021294
-0.021211 0.098922 0.021294
-0.021211 0.098922 0.021294
-0.021211 0.098922 0.021294
-0.022243 0.098891 0.014099
-0.022243 0.098891 0.014099
-0.022243 0.098891 0.014099
-0.022243 0.098891 0.014099
-0.022243 0.098891 0.014099
-0.022869 0.098897 0.018124
-0.022869 0.098897 0.018124
-0.022869 0.098897 0.018124
-0.022869 0.098897 0.018124
-0.022869 0.098897 0.018124
-0.012222 0.098894 0.016535
-0.012222 0.098894 0.016535
-0.012222 0.098894 0.016535
-0.012222 0.098894 0.016535
-0.012222 0.098894 0.016535
-0.012222 0.098894 0.016535
-0.012222 0.098894 0.016535
-0.012222 0.098894 0.016535
-0.012222 0.098894 0.016535
-0.012222 0.098894 0.016535
-0.015101 0.098894 0.012365
-0.015101 0.098894 0.012365
-0.015101 0.098894 0.012365
-0.015101 0.098894 0.012365
-0.018807 0.098897 0.011924
-0.018807 0.098897 0.011924
-0.018807 0.098897 0.011924
-0.018807 0.098897 0.011924
0.022617 0.098896 0.015192
0.022617 0.098896 0.015192
0.022617 0.098896 0.015192
0.020259 0.098894 0.012391
0.020259 0.098894 0.012391
0.020259 0.098894 0.012391
0.020259 0.098894 0.012391
0.020259 0.098894 0.012391
0.020449 0.098897 0.021623
0.020449 0.098897 0.021623
0.020449 0.098897 0.021623
0.020449 0.098897 0.021623
0.020449 0.098897 0.021623
0.022776 0.098894 0.018836
0.022776 0.098894 0.018836
0.022776 0.098894 0.018836
0.022776 0.098894 0.018836
0.022776 0.098894 0.018836
0.022776 0.098894 0.018836
0.013398 0.098895 0.020496
0.013398 0.098895 0.020496
0.013398 0.098895 0.020496
0.013398 0.098895 0.020496
0.013398 0.098895 0.020496
0.013398 0.098895 0.020496
0.013398 0.098895 0.020496
0.013398 0.098895 0.020496
0.017345 0.098895 0.022448
0.017345 0.098895 0.022448
0.017345 0.098895 0.022448
0.017345 0.098895 0.022448
0.016166 0.098896 0.011987
0.016166 0.098896 0.011987
0.016166 0.098896 0.011987
0.016166 0.098896 0.011987
0.013224 0.098895 0.014158
0.013224 0.098895 0.014158
0.013224 0.098895 0.014158
0.013224 0.098895 0.014158
0.012389 0.098897 0.017113
0.012389 0.098897 0.017113
0.012389 0.098897 0.017113
0.012389 0.098897 0.017113
-0.018917 0.098892 -0.012927
-0.018917 0.098892 -0.012927
-0.018917 0.098892 -0.012927
-0.018917 0.098892 -0.012927
-0.018917 0.098892 -0.012927
-0.014097 0.098894 -0.014197
-0.014097 0.098894 -0.014197
-0.014097 0.098894 -0.014197
-0.014097 0.098894 -0.014197
-0.012343 0.098895 -0.017909
-0.012343 0.098895 -0.017909
-0.012343 0.098895 -0.017909
-0.012343 0.098895 -0.017909
-0.022304 0.098896 -0.020804
-0.022304 0.098896 -0.020804
-0.022304 0.098896 -0.020804
-0.022304 0.098896 -0.020804
-0.022880 0.098916 -0.020621
-0.022880 0.098916 -0.020621
-0.022880 0.098916 -0.020621
-0.022880 0.098916 -0.020621
-0.022880 0.098916 -0.020621
-0.022880 0.098916 -0.020621
-0.022880 0.098916 -0.020621
-0.022464 0.098896 -0.015862
-0.022464 0.098896 -0.015862
-0.022464 0.098896 -0.015862
-0.022464 0.098896 -0.015862
-0.020878 0.098935 -0.022635
-0.020878 0.098935 -0.022635
-0.020878 0.098935 -0.022635
-0.020878 0.098935 -0.022635
-0.020878 0.098935 -0.022635
-0.020878 0.098935 -0.022635
-0.013615 0.098894 -0.021809
-0.013615 0.098894 -0.021809
-0.013615 0.098894 -0.021809
-0.013615 0.098894 -0.021809
-0.017345 0.098895 -0.023576
-0.017345 0.098895 -0.023576
-0.017345 0.098895 -0.023576
-0.017345 0.098895 -0.023576
-0.017345 0.098895 -0.023576
-0.017345 0.098895 -0.023576
0.022016 0.098929 -0.021496
0.022016 0.098929 -0.021496
0.022016 0.098929 -0.021496
0.022016 0.098929 -0.021496
0.022016 0.098929 -0.021496
0.022016 0.098929 -0.021496
0.022016 0.098929 -0.021496
0.019357 0.098894 -0.023357
0.019357 0.098894 -0.023357
0.019357 0.098894 -0.023357
0.019357 0.098894 -0.023357
0.019357 0.098894 -0.023357
0.021550 0.098896 -0.014557
0.021550 0.098896 -0.014557
0.021550 0.098896 -0.014557
0.021550 0.098896 -0.014557
0.023012 0.098896 -0.017909
0.023012 0.098896 -0.017909
0.023012 0.098896 -0.017909
0.023012 0.098896 -0.017909
0.023012 0.098896 -0.017909
0.013051 0.098896 -0.020804
0.013051 0.098896 -0.020804
0.013051 0.098896 -0.020804
0.013051 0.098896 -0.020804
0.012385 0.098893 -0.017163
0.012385 0.098893 -0.017163
0.012385 0.098893 -0.017163
0.012385 0.098893 -0.017163
0.014722 0.098896 -0.013788
0.014722 0.098896 -0.013788
0.014722 0.098896 -0.013788
0.014722 0.098896 -0.013788
0.014722 0.098896 -0.013788
0.018404 0.098896 -0.012927
0.018404 0.098896 -0.012927
0.018404 0.098896 -0.012927
0.018404 0.098896 -0.012927
0.015298 0.098896 -0.023028
0.015298 0.098896 -0.023028
0.015298 0.098896 -0.023028
0.015298 0.098896 -0.023028
0.004018 0.098896 -0.016879
0.004018 0.098896 -0.016879
0.004018 0.098896 -0.016879
0.004018 0.098896 -0.016879
0.008967 0.098897 -0.014748
0.008967 0.098897 -0.014748
0.008967 0.098897 -0.014748
0.008967 0.098897 -0.014748
0.013901 0.098896 -0.010159
0.013901 0.098896 -0.010159
0.013901 0.098896 -0.010159
0.013901 0.098896 -0.010159
0.013901 0.098896 -0.010159
0.016741 0.098896 -0.002664
0.016741 0.098896 -0.002664
0.016741 0.098896 -0.002664
0.016741 0.098896 -0.002664
0.016741 0.098896 -0.002664
0.016139 0.098896 0.004111
0.016139 0.098896 0.004111
0.016139 0.098896 0.004111
0.016139 0.098896 0.004111
0.013829 0.098897 0.008981
0.013829 0.098897 0.008981
0.013829 0.098897 0.008981
0.013829 0.098897 0.008981
0.009948 0.098897 0.012999
0.009948 0.098897 0.012999
0.009948 0.098897 0.012999
0.009948 0.098897 0.012999
0.005321 0.098896 0.015374
0.005321 0.098896 0.015374
0.005321 0.098896 0.015374
0.005321 0.098896 0.015374
0.000272 0.098897 0.016217
0.000272 0.098897 0.016217
0.000272 0.098897 0.016217
-0.004947 0.098896 0.015483
-0.004947 0.098896 0.015483
-0.004947 0.098896 0.015483
-0.004947 0.098896 0.015483
-0.009692 0.098897 0.013159
-0.009692 0.098897 0.013159
-0.009692 0.098897 0.013159
-0.009692 0.098897 0.013159
-0.009692 0.098897 0.013159
-0.013595 0.098897 0.009293
-0.013595 0.098897 0.009293
-0.013595 0.098897 0.009293
-0.013595 0.098897 0.009293
-0.016115 0.098896 0.004233
-0.016115 0.098896 0.004233
-0.016115 0.098896 0.004233
-0.016115 0.098896 0.004233
-0.016741 0.098896 -0.002664
-0.016741 0.098896 -0.002664
-0.016741 0.098896 -0.002664
-0.016741 0.098896 -0.002664
-0.016741 0.098896 -0.002664
-0.014552 0.098897 -0.008965
-0.014552 0.098897 -0.008965
-0.014552 0.098897 -0.008965
-0.014552 0.098897 -0.008965
-0.011332 0.098897 -0.012945
-0.011332 0.098897 -0.012945
-0.011332 0.098897 -0.012945
-0.006819 0.098897 -0.015945
-0.006819 0.098897 -0.015945
-0.006819 0.098897 -0.015945
-0.006819 0.098897 -0.015945
-0.006819 0.098897 -0.015945
-0.001595 0.098897 -0.017287
-0.001595 0.098897 -0.017287
-0.001595 0.098897 -0.017287
-0.001595 0.098897 -0.017287
0.004886 0.068175 0.033432
0.004886 0.068175 0.033432
0.004886 0.068175 0.033432
0.004886 0.068175 0.033432
0.004886 0.068175 0.033432
0.004886 0.068175 0.033432
0.004752 0.066054 0.033432
0.004752 0.066054 0.033432
0.004752 0.066054 0.033432
0.004752 0.066054 0.033432
0.003775 0.064137 0.033432
0.003775 0.064137 0.033432
0.003775 0.064137 0.033432
0.003775 0.064137 0.033432
0.003775 0.064137 0.033432
0.003775 0.064137 0.033432
0.001664 0.062680 0.033432
0.001664 0.062680 0.033432
0.001664 0.062680 0.033432
0.001664 0.062680 0.033432
0.001664 0.062680 0.033432
-0.000449 0.062443 0.033432
-0.000449 0.062443 0.033432
-0.000449 0.062443 0.033432
-0.000449 0.062443 0.033432
-0.000449 0.062443 0.033432
-0.002095 0.062820 0.033394
-0.002095 0.062820 0.033394
-0.002095 0.062820 0.033394
-0.002095 0.062820 0.033394
-0.002095 0.062820 0.033394
-0.002095 0.062820 0.033394
-0.002095 0.062820 0.033394
-0.003818 0.064188 0.033432
-0.003818 0.064188 0.033432
-0.003818 0.064188 0.033432
-0.003818 0.064188 0.033432
-0.003818 0.064188 0.033432
-0.004762 0.066092 0.033432
-0.004762 0.066092 0.033432
-0.004762 0.066092 0.033432
-0.004762 0.066092 0.033432
-0.004762 0.066092 0.033432
-0.005025 0.067100 0.033402
-0.005025 0.067100 0.033402
-0.005025 0.067100 0.033402
-0.005025 0.067100 0.033402
-0.005025 0.067100 0.033402
-0.004072 0.070247 0.033432
-0.004072 0.070247 0.033432
-0.004072 0.070247 0.033432
-0.004072 0.070247 0.033432
-0.004072 0.070247 0.033432
-0.004072 0.070247 0.033432
-0.004072 0.070247 0.033432
-0.002063 0.071819 0.033432
-0.002063 0.071819 0.033432
-0.002063 0.071819 0.033432
-0.002063 0.071819 0.033432
-0.000409 0.072255 0.033432
-0.000409 0.072255 0.033432
-0.000409 0.072255 0.033432
-0.000409 0.072255 0.033432
-0.000409 0.072255 0.033432
0.002148 0.071861 0.033432
0.002148 0.071861 0.033432
0.002148 0.071861 0.033432
0.002148 0.071861 0.033432
0.002148 0.071861 0.033432
0.002148 0.071861 0.033432
0.004046 0.070156 0.033432
0.004046 0.070156 0.033432
0.004046 0.070156 0.033432
0.004046 0.070156 0.033432
0.004046 0.070156 0.033432
0.004046 0.070156 0.033432
0.010755 0.098897 0.028068
0.010755 0.098897 0.028068
0.010755 0.098897 0.028068
0.010755 0.098897 0.028068
0.010755 0.098897 0.028068
0.010755 0.098897 0.028068
0.010755 0.098897 0.028068
0.018309 0.098897 0.023902
0.018309 0.098897 0.023902
0.018309 0.098897 0.023902
0.018309 0.098897 0.023902
0.018309 0.098897 0.023902
-0.015588 0.098898 0.025853
-0.015588 0.098898 0.025853
-0.015588 0.098898 0.025853
-0.015588 0.098898 0.025853
-0.015588 0.098898 0.025853
-0.015588 0.098898 0.025853
-0.015588 0.098898 0.025853
-0.015588 0.098898 0.025853
0.002131 0.098897 0.029910
0.002131 0.098897 0.029910
0.002131 0.098897 0.029910
0.002131 0.098897 0.029910
0.002131 0.098897 0.029910
0.002131 0.098897 0.029910
0.002131 0.098897 0.029910
-0.005625 0.098897 0.029498
-0.005625 0.098897 0.029498
-0.005625 0.098897 0.029498
-0.005625 0.098897 0.029498
-0.005625 0.098897 0.029498
-0.005625 0.098897 0.029498
-0.005625 0.098897 0.029498
-0.026802 0.098897 0.014212
-0.026802 0.098897 0.014212
-0.026802 0.098897 0.014212
-0.026802 0.098897 0.014212
-0.026802 0.098897 0.014212
-0.030422 0.098898 0.003587
-0.030422 0.098898 0.003587
-0.030422 0.098898 0.003587
-0.030422 0.098898 0.003587
-0.030422 0.098898 0.003587
0.030495 0.098897 -0.001863
0.030495 0.098897 -0.001863
0.030495 0.098897 -0.001863
0.030495 0.098897 -0.001863
0.023948 0.098897 0.018360
0.023948 0.098897 0.018360
0.023948 0.098897 0.018360
0.023948 0.098897 0.018360
0.023948 0.098897 0.018360
0.029300 0.098899 0.008794
0.029300 0.098899 0.008794
0.029300 0.098899 0.008794
0.029300 0.098899 0.008794
0.029300 0.098899 0.008794
-0.014234 0.098897 -0.027593
-0.014234 0.098897 -0.027593
-0.014234 0.098897 -0.027593
-0.014234 0.098897 -0.027593
-0.014234 0.098897 -0.027593
-0.005774 0.098897 -0.030622
-0.005774 0.098897 -0.030622
-0.005774 0.098897 -0.030622
-0.005774 0.098897 -0.030622
-0.029949 0.098898 -0.006868
-0.029949 0.098898 -0.006868
-0.029949 0.098898 -0.006868
-0.029949 0.098898 -0.006868
-0.026906 0.098897 -0.015030
-0.026906 0.098897 -0.015030
-0.026906 0.098897 -0.015030
-0.026906 0.098897 -0.015030
0.015945 0.098898 -0.026803
0.015945 0.098898 -0.026803
0.015945 0.098898 -0.026803
0.015945 0.098898 -0.026803
0.015945 0.098898 -0.026803
0.015945 0.098898 -0.026803
0.004856 0.098898 -0.030794
0.004856 0.098898 -0.030794
0.004856 0.098898 -0.030794
0.004856 0.098898 -0.030794
0.028305 0.098899 -0.012603
0.028305 0.098899 -0.012603
0.028305 0.098899 -0.012603
0.028305 0.098899 -0.012603
0.028305 0.098899 -0.012603
0.028305 0.098899 -0.012603
0.012897 0.097917 0.028231
0.012897 0.097917 0.028231
0.012897 0.097917 0.028231
0.012897 0.097917 0.028231
0.012897 0.097917 0.028231
0.007399 0.097897 0.030054
0.007399 0.097897 0.030054
0.007399 0.097897 0.030054
0.007399 0.097897 0.030054
0.007399 0.097897 0.030054
0.007399 0.097897 0.030054
0.019222 0.097885 0.024457
0.019222 0.097885 0.024457
0.019222 0.097885 0.024457
0.019222 0.097885 0.024457
0.019222 0.097885 0.024457
0.023241 0.097897 0.020698
0.023241 0.097897 0.020698
0.023241 0.097897 0.020698
0.023241 0.097897 0.020698
0.023241 0.097897 0.020698
0.031486 0.097897 0.000369
0.031486 0.097897 0.000369
0.031486 0.097897 0.000369
0.031486 0.097897 0.000369
0.031486 0.097897 0.000369
0.031486 0.097897 0.000369
0.030898 0.097902 0.005826
0.030898 0.097902 0.005826
0.030898 0.097902 0.005826
0.030898 0.097902 0.005826
0.027873 0.097869 0.014411
0.027873 0.097869 0.014411
0.027873 0.097869 0.014411
0.027873 0.097869 0.014411
0.027873 0.097869 0.014411
0.027873 0.097869 0.014411
0.027873 0.097869 0.014411
0.030890 0.097869 -0.007417
0.030890 0.097869 -0.007417
0.030890 0.097869 -0.007417
0.030890 0.097869 -0.007417
0.030890 0.097869 -0.007417
0.030890 0.097869 -0.007417
0.027578 0.097902 -0.015894
0.027578 0.097902 -0.015894
0.027578 0.097902 -0.015894
0.027578 0.097902 -0.015894
0.027578 0.097902 -0.015894
0.021940 0.097877 -0.023366
0.021940 0.097877 -0.023366
0.021940 0.097877 -0.023366
0.021940 0.097877 -0.023366
0.021940 0.097877 -0.023366
0.021940 0.097877 -0.023366
0.021940 0.097877 -0.023366
0.005427 0.097892 -0.031738
0.005427 0.097892 -0.031738
0.005427 0.097892 -0.031738
0.005427 0.097892 -0.031738
0.005427 0.097892 -0.031738
0.005427 0.097892 -0.031738
0.005427 0.097892 -0.031738
0.014309 0.097902 -0.028685
0.014309 0.097902 -0.028685
0.014309 0.097902 -0.028685
0.014309 0.097902 -0.028685
0.014309 0.097902 -0.028685
-0.003925 0.097917 -0.031870
-0.003925 0.097917 -0.031870
-0.003925 0.097917 -0.031870
-0.003925 0.097917 -0.031870
-0.003925 0.097917 -0.031870
-0.003925 0.097917 -0.031870
-0.012901 0.097905 -0.029458
-0.012901 0.097905 -0.029458
-0.012901 0.097905 -0.029458
-0.012901 0.097905 -0.029458
-0.012901 0.097905 -0.029458
-0.012901 0.097905 -0.029458
-0.022142 0.097877 -0.023170
-0.022142 0.097877 -0.023170
-0.022142 0.097877 -0.023170
-0.022142 0.097877 -0.023170
-0.022142 0.097877 -0.023170
-0.022142 0.097877 -0.023170
-0.022142 0.097877 -0.023170
-0.031542 0.097885 -0.001404
-0.031542 0.097885 -0.001404
-0.031542 0.097885 -0.001404
-0.031542 0.097885 -0.001404
-0.031542 0.097885 -0.001404
-0.031542 0.097885 -0.001404
-0.030466 0.097902 -0.008774
-0.030466 0.097902 -0.008774
-0.030466 0.097902 -0.008774
-0.030466 0.097902 -0.008774
-0.030466 0.097902 -0.008774
-0.030466 0.097902 -0.008774
-0.027685 0.097902 -0.015700
-0.027685 0.097902 -0.015700
-0.027685 0.097902 -0.015700
-0.027685 0.097902 -0.015700
-0.027685 0.097902 -0.015700
-0.027685 0.097902 -0.015700
-0.025593 0.097897 0.017800
-0.025593 0.097897 0.017800
-0.025593 0.097897 0.017800
-0.025593 0.097897 0.017800
-0.025593 0.097897 0.017800
-0.028438 0.097902 0.013106
-0.028438 0.097902 0.013106
-0.028438 0.097902 0.013106
-0.028438 0.097902 0.013106
-0.028438 0.097902 0.013106
-0.028438 0.097902 0.013106
-0.030853 0.097902 0.006044
-0.030853 0.097902 0.006044
-0.030853 0.097902 0.006044
-0.030853 0.097902 0.006044
-0.030853 0.097902 0.006044
-0.021837 0.097917 0.022209
-0.021837 0.097917 0.022209
-0.021837 0.097917 0.022209
-0.021837 0.097917 0.022209
-0.021837 0.097917 0.022209
-0.021837 0.097917 0.022209
-0.017597 0.097897 0.025562
-0.017597 0.097897 0.025562
-0.017597 0.097897 0.025562
-0.017597 0.097897 0.025562
-0.012541 0.097917 0.028388
-0.012541 0.097917 0.028388
-0.012541 0.097917 0.028388
-0.012541 0.097917 0.028388
-0.012541 0.097917 0.028388
-0.012541 0.097917 0.028388
0.001980 0.097902 0.030926
0.001980 0.097902 0.030926
0.001980 0.097902 0.030926
0.001980 0.097902 0.030926
0.001980 0.097902 0.030926
0.001980 0.097902 0.030926
-0.005472 0.097902 0.030510
-0.005472 0.097902 0.030510
-0.005472 0.097902 0.030510
-0.005472 0.097902 0.030510
-0.005472 0.097902 0.030510
-0.002200 0.092397 0.030909
-0.002200 0.092397 0.030909
-0.002200 0.092397 0.030909
-0.002200 0.092397 0.030909
-0.009531 0.092397 0.029512
-0.009531 0.092397 0.029512
-0.009531 0.092397 0.029512
-0.009531 0.092397 0.029512
-0.016328 0.092397 0.026432
-0.016328 0.092397 0.026432
-0.016328 0.092397 0.026432
-0.016328 0.092397 0.026432
-0.016328 0.092397 0.026432
-0.023661 0.092397 0.020443
-0.023661 0.092397 0.020443
-0.023661 0.092397 0.020443
-0.023661 0.092397 0.020443
-0.023661 0.092397 0.020443
-0.028624 0.092397 0.012704
-0.028624 0.092397 0.012704
-0.028624 0.092397 0.012704
-0.028624 0.092397 0.012704
-0.031360 0.092397 0.003641
-0.031360 0.092397 0.003641
-0.031360 0.092397 0.003641
-0.031360 0.092397 0.003641
-0.031153 0.092397 -0.005550
-0.031153 0.092397 -0.005550
-0.031153 0.092397 -0.005550
-0.031153 0.092397 -0.005550
-0.029111 0.092397 -0.012728
-0.029111 0.092397 -0.012728
-0.029111 0.092397 -0.012728
-0.029111 0.092397 -0.012728
-0.024270 0.092397 -0.020864
-0.024270 0.092397 -0.020864
-0.024270 0.092397 -0.020864
-0.024270 0.092397 -0.020864
-0.017349 0.092397 -0.026915
-0.017349 0.092397 -0.026915
-0.017349 0.092397 -0.026915
-0.017349 0.092397 -0.026915
-0.010674 0.092397 -0.030253
-0.010674 0.092397 -0.030253
-0.010674 0.092397 -0.030253
-0.010674 0.092397 -0.030253
-0.003402 0.092397 -0.031930
-0.003402 0.092397 -0.031930
-0.003402 0.092397 -0.031930
-0.003402 0.092397 -0.031930
0.004060 0.092397 -0.031851
0.004060 0.092397 -0.031851
0.004060 0.092397 -0.031851
0.011296 0.092397 -0.030022
0.011296 0.092397 -0.030022
0.011296 0.092397 -0.030022
0.011296 0.092397 -0.030022
0.017899 0.092397 -0.026545
0.017899 0.092397 -0.026545
0.017899 0.092397 -0.026545
0.017899 0.092397 -0.026545
0.024864 0.092397 -0.020132
0.024864 0.092397 -0.020132
0.024864 0.092397 -0.020132
0.024864 0.092397 -0.020132
0.029360 0.092397 -0.012113
0.029360 0.092397 -0.012113
0.029360 0.092397 -0.012113
0.029360 0.092397 -0.012113
0.031251 0.092397 -0.004894
0.031251 0.092397 -0.004894
0.031251 0.092397 -0.004894
0.031251 0.092397 -0.004894
0.031221 0.092397 0.004573
0.031221 0.092397 0.004573
0.031221 0.092397 0.004573
0.031221 0.092397 0.004573
0.031221 0.092397 0.004573
0.028339 0.092397 0.013303
0.028339 0.092397 0.013303
0.028339 0.092397 0.013303
0.023025 0.092397 0.021138
0.023025 0.092397 0.021138
0.023025 0.092397 0.021138
0.023025 0.092397 0.021138
0.023025 0.092397 0.021138
0.014027 0.092397 0.027797
0.014027 0.092397 0.027797
0.014027 0.092397 0.027797
0.014027 0.092397 0.027797
0.014027 0.092397 0.027797
0.005254 0.092397 0.030545
0.005254 0.092397 0.030545
0.005254 0.092397 0.030545
0.005254 0.092397 0.030545
-0.004333 0.064313 0.033428
-0.004333 0.064313 0.033428
-0.004333 0.064313 0.033428
-0.004333 0.064313 0.033428
-0.004333 0.064313 0.033428
0.000461 0.062078 0.033428
0.000461 0.062078 0.033428
0.000461 0.062078 0.033428
0.000461 0.062078 0.033428
0.000461 0.062078 0.033428
0.000461 0.062078 0.033428
0.002990 0.063076 0.033430
0.002990 0.063076 0.033430
0.002990 0.063076 0.033430
0.004794 0.065112 0.033428
0.004794 0.065112 0.033428
0.004794 0.065112 0.033428
0.004794 0.065112 0.033428
0.004794 0.065112 0.033428
0.005111 0.068717 0.033430
0.005111 0.068717 0.033430
0.005111 0.068717 0.033430
0.005111 0.068717 0.033430
0.003372 0.071366 0.033429
0.003372 0.071366 0.033429
0.003372 0.071366 0.033429
0.000461 0.072618 0.033429
0.000461 0.072618 0.033429
0.000461 0.072618 0.033429
0.000461 0.072618 0.033429
0.000461 0.072618 0.033429
-0.003034 0.071681 0.033428
-0.003034 0.071681 0.033428
-0.003034 0.071681 0.033428
-0.003034 0.071681 0.033428
-0.004929 0.069142 0.033429
-0.004929 0.069142 0.033429
-0.004929 0.069142 0.033429
0.034587 0.092398 -0.006718
0.034587 0.092398 -0.006718
0.034587 0.092398 -0.006718
0.034587 0.092398 -0.006718
0.030811 0.092398 -0.017440
0.030811 0.092398 -0.017440
0.030811 0.092398 -0.017440
0.030811 0.092398 -0.017440
0.025211 0.092397 -0.024908
0.025211 0.092397 -0.024908
0.025211 0.092397 -0.024908
0.025211 0.092397 -0.024908
0.016029 0.092398 -0.031956
0.016029 0.092398 -0.031956
0.016029 0.092398 -0.031956
0.016029 0.092398 -0.031956
0.016029 0.092398 -0.031956
0.003324 0.092398 -0.035536
0.003324 0.092398 -0.035536
0.003324 0.092398 -0.035536
0.003324 0.092398 -0.035536
-0.022403 0.092399 0.026649
-0.022403 0.092399 0.026649
-0.022403 0.092399 0.026649
-0.022403 0.092399 0.026649
-0.022403 0.092399 0.026649
-0.012659 0.092397 0.032116
-0.012659 0.092397 0.032116
-0.012659 0.092397 0.032116
-0.012659 0.092397 0.032116
-0.003324 0.092398 0.034408
-0.003324 0.092398 0.034408
-0.003324 0.092398 0.034408
-0.003324 0.092398 0.034408
-0.003324 0.092398 0.034408
0.008017 0.092398 0.033639
0.008017 0.092398 0.033639
0.008017 0.092398 0.033639
0.008017 0.092398 0.033639
0.016712 0.092397 0.030241
0.016712 0.092397 0.030241
0.016712 0.092397 0.030241
0.016712 0.092397 0.030241
0.016712 0.092397 0.030241
-0.009951 0.092398 -0.034378
-0.009951 0.092398 -0.034378
-0.009951 0.092398 -0.034378
-0.009951 0.092398 -0.034378
-0.009951 0.092398 -0.034378
-0.019945 0.092397 -0.029381
-0.019945 0.092397 -0.029381
-0.019945 0.092397 -0.029381
-0.028386 0.092398 -0.021461
-0.028386 0.092398 -0.021461
-0.028386 0.092398 -0.021461
-0.028386 0.092398 -0.021461
-0.028386 0.092398 -0.021461
0.025960 0.092398 0.023279
0.025960 0.092398 0.023279
0.025960 0.092398 0.023279
0.025960 0.092398 0.023279
0.025960 0.092398 0.023279
0.032809 0.092398 0.011994
0.032809 0.092398 0.011994
0.032809 0.092398 0.011994
0.032809 0.092398 0.011994
0.034875 0.092397 0.002891
0.034875 0.092397 0.002891
0.034875 0.092397 0.002891
0.034875 0.092397 0.002891
-0.034537 0.092399 -0.007610
-0.034537 0.092399 -0.007610
-0.034537 0.092399 -0.007610
-0.034537 0.092399 -0.007610
-0.034537 0.092399 -0.007610
-0.034587 0.092398 0.005590
-0.034587 0.092398 0.005590
-0.034587 0.092398 0.005590
-0.034587 0.092398 0.005590
-0.034587 0.092398 0.005590
-0.030811 0.092398 0.016312
-0.030811 0.092398 0.016312
-0.030811 0.092398 0.016312
-0.030811 0.092398 0.016312
0.035744 0.053148 0.007447
0.036408 0.053148 0.003466
0.034646 0.053148 0.011330
0.033127 0.053148 0.015069
0.031206 0.053148 0.018619
0.028907 0.053148 0.021935
0.023287 0.053148 0.027712
0.026256 0.053148 0.024979
0.020035 0.053148 0.030102
0.016540 0.053148 0.032120
0.012844 0.053148 0.033741
0.008992 0.053148 0.034946
0.005031 0.053148 0.035719
-0.003025 0.053148 0.035942
0.001009 0.053148 0.036053
-0.007023 0.053148 0.035387
-0.010935 0.053148 0.034397
-0.014714 0.053148 0.032981
-0.018315 0.053148 0.031159
-0.021694 0.053148 0.028952
-0.027623 0.053148 0.023493
-0.024809 0.053148 0.026386
-0.030102 0.053148 0.020309
-0.032216 0.053148 0.016870
-0.033938 0.053148 0.013221
-0.036131 0.053148 0.005465
-0.035249 0.053148 0.009403
-0.036575 0.053148 0.001454
-0.036575 0.053148 -0.002582
-0.036131 0.053148 -0.006593
-0.035249 0.053148 -0.010531
-0.033938 0.053148 -0.014348
-0.030102 0.053148 -0.021436
-0.032216 0.053148 -0.017998
-0.027623 0.053148 -0.024621
-0.024809 0.053148 -0.027514
-0.021694 0.053148 -0.030080
-0.018315 0.053148 -0.032287
-0.014714 0.053148 -0.034109
-0.007023 0.053148 -0.036515
-0.010935 0.053148 -0.035524
-0.003025 0.053148 -0.037069
0.001009 0.053148 -0.037181
0.005031 0.053148 -0.036847
0.012844 0.053148 -0.034869
0.008992 0.053148 -0.036074
0.016540 0.053148 -0.033248
0.020035 0.053148 -0.031230
0.023287 0.053148 -0.028840
0.026256 0.053148 -0.026106
0.028907 0.053148 -0.023063
0.033127 0.053148 -0.016197
0.031206 0.053148 -0.019746
0.034646 0.053148 -0.012458
0.035744 0.053148 -0.008574
0.036408 0.053148 -0.004594
0.036631 0.053148 -0.000564
-0.015784 0.073358 0.033436
-0.015784 0.073358 0.033436
-0.015784 0.073358 0.033436
-0.015784 0.073358 0.033436
-0.015784 0.073358 0.033436
-0.015784 0.073358 0.033436
-0.015784 0.073358 0.033436
-0.015784 0.073358 0.033436
-0.015784 0.073358 0.033436
0.009210 0.075735 0.035795
0.009210 0.075735 0.035795
0.009210 0.075735 0.035795
0.009210 0.075735 0.035795
0.009210 0.075735 0.035795
-0.002124 0.076840 0.036907
-0.002124 0.076840 0.036907
-0.002124 0.076840 0.036907
-0.002124 0.076840 0.036907
-0.002124 0.076840 0.036907
-0.002124 0.076840 0.036907
0.015782 0.061336 0.033436
0.015782 0.061336 0.033436
0.015782 0.061336 0.033436
0.015782 0.061336 0.033436
0.015782 0.061336 0.033436
0.015782 0.061336 0.033436
0.015782 0.061336 0.033436
0.015782 0.061336 0.033436
0.012928 0.060110 0.034646
0.012928 0.060110 0.034646
0.012928 0.060110 0.034646
0.008153 0.058694 0.036073
0.008153 0.058694 0.036073
0.008153 0.058694 0.036073
0.008153 0.058694 0.036073
0.008153 0.058694 0.036073
0.002101 0.057853 0.036905
0.002101 0.057853 0.036905
0.002101 0.057853 0.036905
0.002101 0.057853 0.036905
-0.002187 0.089928 0.036893
-0.002187 0.089928 0.036893
-0.002187 0.089928 0.036893
-0.002187 0.089928 0.036893
-0.009507 0.089924 0.035755
-0.009507 0.089924 0.035755
-0.009507 0.089924 0.035755
-0.009507 0.089924 0.035755
-0.009507 0.089924 0.035755
-0.009507 0.089924 0.035755
-0.009507 0.089924 0.035755
-0.015746 0.089897 0.033470
-0.015746 0.089897 0.033470
-0.015746 0.089897 0.033470
-0.015746 0.089897 0.033470
-0.015746 0.089897 0.033470
-0.015746 0.089897 0.033470
-0.020978 0.089902 0.030582
-0.020978 0.089902 0.030582
-0.020978 0.089902 0.030582
-0.020978 0.089902 0.030582
-0.028578 0.089905 0.023936
-0.028578 0.089905 0.023936
-0.028578 0.089905 0.023936
-0.028578 0.089905 0.023936
-0.028578 0.089905 0.023936
-0.028578 0.089905 0.023936
-0.034031 0.089902 0.015313
-0.034031 0.089902 0.015313
-0.034031 0.089902 0.015313
-0.034031 0.089902 0.015313
-0.034031 0.089902 0.015313
-0.034031 0.089902 0.015313
-0.036648 0.089902 0.007626
-0.036648 0.089902 0.007626
-0.036648 0.089902 0.007626
-0.036648 0.089902 0.007626
-0.036648 0.089902 0.007626
-0.037552 0.089902 -0.000443
-0.037552 0.089902 -0.000443
-0.037552 0.089902 -0.000443
-0.037552 0.089902 -0.000443
-0.037552 0.089902 -0.000443
-0.037552 0.089902 -0.000443
-0.036700 0.089902 -0.008519
-0.036700 0.089902 -0.008519
-0.036700 0.089902 -0.008519
-0.036700 0.089902 -0.008519
-0.036700 0.089902 -0.008519
-0.034132 0.089902 -0.016222
-0.034132 0.089902 -0.016222
-0.034132 0.089902 -0.016222
-0.034132 0.089902 -0.016222
-0.034132 0.089902 -0.016222
-0.034132 0.089902 -0.016222
-0.029968 0.089902 -0.023193
-0.029968 0.089902 -0.023193
-0.029968 0.089902 -0.023193
-0.029968 0.089902 -0.023193
-0.022917 0.089905 -0.030426
-0.022917 0.089905 -0.030426
-0.022917 0.089905 -0.030426
-0.022917 0.089905 -0.030426
-0.022917 0.089905 -0.030426
-0.022917 0.089905 -0.030426
-0.012182 0.089905 -0.036180
-0.012182 0.089905 -0.036180
-0.012182 0.089905 -0.036180
-0.012182 0.089905 -0.036180
-0.012182 0.089905 -0.036180
-0.002154 0.089902 -0.038054
-0.002154 0.089902 -0.038054
-0.002154 0.089902 -0.038054
-0.002154 0.089902 -0.038054
-0.002154 0.089902 -0.038054
-0.002154 0.089902 -0.038054
0.005955 0.089902 -0.037641
0.005955 0.089902 -0.037641
0.005955 0.089902 -0.037641
0.005955 0.089902 -0.037641
0.005955 0.089902 -0.037641
0.005955 0.089902 -0.037641
0.013787 0.089902 -0.035494
0.013787 0.089902 -0.035494
0.013787 0.089902 -0.035494
0.013787 0.089902 -0.035494
0.022644 0.089905 -0.030634
0.022644 0.089905 -0.030634
0.022644 0.089905 -0.030634
0.022644 0.089905 -0.030634
0.022644 0.089905 -0.030634
0.031060 0.089905 -0.021830
0.031060 0.089905 -0.021830
0.031060 0.089905 -0.021830
0.031060 0.089905 -0.021830
0.031060 0.089905 -0.021830
0.031060 0.089905 -0.021830
0.035548 0.089902 -0.012669
0.035548 0.089902 -0.012669
0.035548 0.089902 -0.012669
0.035548 0.089902 -0.012669
0.035548 0.089902 -0.012669
0.035548 0.089902 -0.012669
0.037319 0.089902 -0.004744
0.037319 0.089902 -0.004744
0.037319 0.089902 -0.004744
0.037319 0.089902 -0.004744
0.037319 0.089902 -0.004744
0.037319 0.089902 -0.004744
0.037174 0.089905 0.005356
0.037174 0.089905 0.005356
0.037174 0.089905 0.005356
0.037174 0.089905 0.005356
0.037174 0.089905 0.005356
0.037174 0.089905 0.005356
0.034132 0.089902 0.015094
0.034132 0.089902 0.015094
0.034132 0.089902 0.015094
0.034132 0.089902 0.015094
0.034132 0.089902 0.015094
0.034132 0.089902 0.015094
0.029968 0.089902 0.022065
0.029968 0.089902 0.022065
0.029968 0.089902 0.022065
0.029968 0.089902 0.022065
0.029968 0.089902 0.022065
0.024403 0.089902 0.027979
0.024403 0.089902 0.027979
0.024403 0.089902 0.027979
0.024403 0.089902 0.027979
0.024403 0.089902 0.027979
0.024403 0.089902 0.027979
0.019333 0.089897 0.031568
0.019333 0.089897 0.031568
0.019333 0.089897 0.031568
0.019333 0.089897 0.031568
0.019333 0.089897 0.031568
0.013048 0.089909 0.034632
0.013048 0.089909 0.034632
0.013048 0.089909 0.034632
0.013048 0.089909 0.034632
0.013048 0.089909 0.034632
0.013048 0.089909 0.034632
0.013048 0.089909 0.034632
0.005498 0.089920 0.036556
0.005498 0.089920 0.036556
0.005498 0.089920 0.036556
0.005498 0.089920 0.036556
0.005498 0.089920 0.036556
0.005498 0.089920 0.036556
0.005498 0.089920 0.036556
0.036747 0.053148 -0.008284
0.036747 0.053148 -0.008284
0.036747 0.053148 -0.008284
0.036747 0.053148 -0.008284
0.037548 0.053148 -0.000204
0.037548 0.053148 -0.000204
0.037548 0.053148 -0.000204
0.037548 0.053148 -0.000204
0.036127 0.053148 0.009998
0.036127 0.053148 0.009998
0.036127 0.053148 0.009998
0.036127 0.053148 0.009998
0.031987 0.053148 0.019103
0.031987 0.053148 0.019103
0.031987 0.053148 0.019103
0.031987 0.053148 0.019103
0.027012 0.053148 0.025519
0.027012 0.053148 0.025519
0.027012 0.053148 0.025519
0.027012 0.053148 0.025519
0.020660 0.053148 0.030801
0.020660 0.053148 0.030801
0.020660 0.053148 0.030801
0.020660 0.053148 0.030801
0.020660 0.053148 0.030801
0.013250 0.053148 0.034545
0.013250 0.053148 0.034545
0.013250 0.053148 0.034545
0.013250 0.053148 0.034545
0.013250 0.053148 0.034545
0.005917 0.053148 0.036516
0.005917 0.053148 0.036516
0.005917 0.053148 0.036516
0.005917 0.053148 0.036516
-0.003585 0.053148 0.036875
-0.003585 0.053148 0.036875
-0.003585 0.053148 0.036875
-0.003585 0.053148 0.036875
-0.003585 0.053148 0.036875
-0.013308 0.053148 0.034525
-0.013308 0.053148 0.034525
-0.013308 0.053148 0.034525
-0.013308 0.053148 0.034525
-0.013308 0.053148 0.034525
-0.020708 0.053147 0.030811
-0.020708 0.053147 0.030811
-0.020708 0.053147 0.030811
-0.020708 0.053147 0.030811
-0.020708 0.053147 0.030811
-0.020708 0.053147 0.030811
-0.029016 0.053148 0.023411
-0.029016 0.053148 0.023411
-0.029016 0.053148 0.023411
-0.029016 0.053148 0.023411
-0.034229 0.053148 0.014875
-0.034229 0.053148 0.014875
-0.034229 0.053148 0.014875
-0.034229 0.053148 0.014875
-0.036747 0.053148 0.007156
-0.036747 0.053148 0.007156
-0.036747 0.053148 0.007156
-0.036747 0.053148 0.007156
-0.037553 0.053148 -0.003113
-0.037553 0.053148 -0.003113
-0.037553 0.053148 -0.003113
-0.037553 0.053148 -0.003113
-0.035467 0.053148 -0.012894
-0.035467 0.053148 -0.012894
-0.035467 0.053148 -0.012894
-0.035467 0.053148 -0.012894
-0.030864 0.053148 -0.022108
-0.030864 0.053148 -0.022108
-0.030864 0.053148 -0.022108
-0.030864 0.053148 -0.022108
-0.022370 0.053148 -0.030835
-0.022370 0.053148 -0.030835
-0.022370 0.053148 -0.030835
-0.013563 0.053148 -0.035578
-0.013563 0.053148 -0.035578
-0.013563 0.053148 -0.035578
-0.005718 0.053148 -0.037675
-0.005718 0.053148 -0.037675
-0.005718 0.053148 -0.037675
-0.005718 0.053148 -0.037675
0.002392 0.053148 -0.038037
0.002392 0.053148 -0.038037
0.002392 0.053148 -0.038037
0.002392 0.053148 -0.038037
0.012503 0.053148 -0.036067
0.012503 0.053148 -0.036067
0.012503 0.053148 -0.036067
0.012503 0.053148 -0.036067
0.023185 0.053148 -0.030216
0.023185 0.053148 -0.030216
0.023185 0.053148 -0.030216
0.030110 0.053148 -0.023000
0.030110 0.053148 -0.023000
0.030110 0.053148 -0.023000
0.034229 0.053148 -0.016003
0.034229 0.053148 -0.016003
0.034229 0.053148 -0.016003
0.034229 0.053148 -0.016003
-0.012177 0.059826 0.034934
-0.012177 0.059826 0.034934
-0.012177 0.059826 0.034934
-0.015796 0.061318 0.033436
-0.015796 0.061318 0.033436
-0.015796 0.061318 0.033436
-0.015796 0.061318 0.033436
-0.015796 0.061318 0.033436
-0.015796 0.061318 0.033436
-0.015796 0.061318 0.033436
-0.015796 0.061318 0.033436
-0.015796 0.061318 0.033436
-0.007088 0.058498 0.036264
-0.007088 0.058498 0.036264
-0.007088 0.058498 0.036264
-0.007088 0.058498 0.036264
-0.007088 0.058498 0.036264
-0.003270 0.057946 0.036807
-0.003270 0.057946 0.036807
-0.003270 0.057946 0.036807
-0.003270 0.057946 0.036807
0.015797 0.073378 0.033436
0.015797 0.073378 0.033436
0.015797 0.073378 0.033436
0.015797 0.073378 0.033436
0.015797 0.073378 0.033436
0.015797 0.073378 0.033436
0.004104 0.076667 0.036739
0.004104 0.076667 0.036739
0.004104 0.076667 0.036739
0.004104 0.076667 0.036739
-0.012990 0.074561 0.034622
-0.012990 0.074561 0.034622
-0.012990 0.074561 0.034622
-0.012990 0.074561 0.034622
0.012926 0.074593 0.034651
0.012926 0.074593 0.034651
0.012926 0.074593 0.034651
-0.008397 0.075949 0.036013
-0.008397 0.075949 0.036013
-0.008397 0.075949 0.036013
-0.008397 0.075949 0.036013
F
0 18 6
8 16 1
3 15 204
104 25 108
115 207 13
101 121 127
93 100 125
92 126 131
89 94 132
81 90 138
139 133 144
147 134 7
149 140 146
162 69 155
165 153 160
63 163 171
167 164 161
168 156 17
54 60 170
48 57 176
47 49 173
42 180 184
179 5 201
38 43 189
187 45 185
33 37 186
34 188 195
28 35 198
196 203 206
21 29 111
113 30 191
110 197 114
116 194 205
117 123 109
112 120 103
14 129 118
119 130 124
122 98 106
12 10 135
11 136 128
137 141 85
9 158 145
142 154 75
143 79 82
148 157 150
152 71 76
159 6 18
151 68 70
166 59 67
4 178 19
20 174 172
169 177 53
175 200 182
181 202 193
183 192 190
2 208 199
220 99 213
215 97 95
222 105 96
225 107 221
226 24 102
232 22 227
234 27 23
238 32 231
229 31 26
239 40 36
246 41 240
247 44 39
248 52 46
253 50 245
259 58 254
252 56 51
258 62 55
265 64 260
266 65 61
271 74 267
261 73 66
268 78 72
275 84 269
274 83 77
209 88 276
280 87 80
210 91 86
287 294 298
295 303 282
301 309 281
306 312 283
284 313 319
318 320 285
286 324 325
328 330 288
331 292 289
340 335 346
340 350 335
340 354 350
340 356 354
364 359 340
340 370 364
340 371 370
340 346 371
381 376 384
381 390 376
381 392 390
381 396 392
381 404 402
381 407 404
381 412 407
381 384 412
423 415 419
419 427 423
419 431 427
419 438 431
419 445 440
419 447 445
419 450 447
419 415 450
465 455 457
457 469 465
457 471 469
457 474 471
457 484 479
457 487 484
457 492 487
457 455 492
494 499 502
499 508 502
509 513 499
499 513 508
499 517 509
524 528 499
499 528 517
499 530 524
534 540 499
499 540 530
499 544 534
549 550 499
499 550 544
499 557 549
499 559 557
494 568 499
499 568 564
632 212 573
575 214 279
574 278 578
579 277 273
577 272 586
582 270 262
581 263 588
589 264 256
590 257 597
596 255 250
594 251 598
599 249 243
601 242 604
603 241 613
612 244 237
611 236 619
618 235 230
620 228 624
623 233 224
621 223 216
625 217 627
630 218 636
633 219 211
300 642 307
305 639 643
308 645 311
314 644 650
310 649 315
316 648 655
317 654 323
323 654 660
322 661 663
321 664 329
327 665 671
326 669 334
332 672 677
333 676 291
293 678 679
290 680 296
297 681 686
299 687 304
302 688 638
343 693 372
373 692 696
374 698 368
367 701 706
369 705 365
362 704 707
366 710 716
363 718 360
361 717 339
341 713 721
342 723 355
357 724 727
358 728 353
352 730 733
351 735 347
349 732 738
348 737 338
337 740 744
336 743 345
344 742 695
385 750 414
411 748 757
413 759 409
408 758 760
410 765 403
405 761 766
406 768 401
400 767 775
399 776 380
379 777 782
382 779 395
398 781 785
397 786 393
394 784 790
391 792 387
389 791 800
388 799 378
377 798 804
375 803 386
383 802 749
418 807 817
417 816 452
451 815 448
449 814 824
446 821 442
443 822 831
444 832 439
441 829 420
421 828 836
422 837 435
436 833 840
437 839 433
434 838 848
432 847 429
430 844 850
428 855 424
426 853 858
425 859 416
416 859 808
454 866 872
453 873 491
490 870 489
488 867 876
486 878 881
485 879 482
483 883 478
480 885 889
481 888 459
460 887 895
458 892 477
475 891 898
476 901 473
472 902 906
470 907 467
468 908 910
466 911 461
464 912 918
463 915 862
462 864 456
925 493 500
503 933 920
504 929 501
507 937 928
516 941 505
506 939 936
510 946 514
515 948 943
518 953 511
512 950 949
527 960 520
519 959 952
523 964 526
525 966 956
529 968 522
521 967 965
541 977 531
532 978 969
536 979 539
538 980 976
535 986 981
545 993 537
533 991 987
542 999 990
553 998 543
552 1005 997
546 1006 551
547 1010 1004
554 1008 548
556 1014 1012
560 1017 555
561 1019 1015
496 1024 558
562 1025 1020
565 1029 497
498 1030 1027
570 1040 563
566 1038 1033
495 922 569
567 924 1039
715 1051 719
722 1058 1045
720 1043 725
726 1044 1049
729 1046 731
708 1064 712
714 1068 1057
694 1083 697
699 1085 1063
700 1060 702
703 1061 709
711 1062 1066
1047 1077 736
734 1076 739
741 1072 746
745 1070 1082
747 1079 691
690 1080 1086
793 1102 795
797 1100 1087
796 1088 1094
801 1093 805
783 1096 789
787 1095 1105
788 1103 794
769 1106 773
772 1107 1115
774 1116 778
780 1117 1097
806 1090 753
751 1091 1121
752 1120 754
755 1119 1123
756 1124 762
763 1125 1127
764 1126 771
770 1128 1110
830 1134 834
835 1133 841
843 1132 1136
842 1135 846
849 1137 1140
845 1141 852
812 1146 823
819 1145 1149
825 1153 1154
820 1155 826
827 1156 1131
811 1159 1144
1142 1165 854
851 1166 860
857 1167 1173
856 1172 809
810 1171 813
818 1168 1160
909 1177 917
916 1180 1181
893 1210 897
899 1209 1186
900 1189 903
905 1187 1192
904 1191 914
913 1194 1179
874 1198 1201
875 1202 880
882 1199 1204
884 1205 890
886 1207 894
896 1206 1211
919 1183 863
861 1184 1215
865 1214 869
868 1213 1196
871 1197 877
988 994 1219
1217 995 1221
1222 992 1000
1223 1001 1225
996 1003 1226
1002 1007 1227
1228 1009 1232
1011 1013 1230
1231 1016 1018
1233 1022 1237
1021 1028 1236
1235 1023 1240
1026 1031 1238
1239 1034 1245
1243 1032 1037
1244 1036 1247
1035 927 1248
1249 926 1251
1252 923 1253
921 930 1256
1255 931 1261
1257 932 934
935 938 1258
1260 940 1264
942 945 1263
1265 947 1269
1268 944 954
1267 955 1270
1273 951 957
1274 958 961
1272 962 1275
1278 963 972
1277 971 1280
1279 973 1282
1285 970 974
1286 975 983
1284 984 1289
1290 982 989
1287 985 1218
1293 571 1298
1299 574 578
1299 578 1303
1301 576 585
1302 580 1310
1311 584 1316
1315 583 591
1314 587 1317
1318 592 593
1319 595 1325
1324 594 598
1327 602 1330
1329 600 607
1333 605 1336
1338 608 1342
1345 606 609
1341 610 614
1343 615 1346
1348 616 1354
1353 617 626
1352 622 1360
1358 625 627
1359 629 1365
1362 628 631
1363 635 1294
1295 634 572
1113 640 689
1071 647 637
1074 641 1109
1078 651 646
682 1370 1111
683 1112 685
1372 684 674
1379 653 652
1379 652 1075
668 1393 675
673 1392 1373
662 1391 670
1396 656 1380
667 1395 1390
666 658 1396
1400 659 657
1081 1262 1266
1081 1266 1084
1084 1266 1271
1262 1081 1259
1259 1081 1069
1067 1404 1053
1084 1271 1059
1059 1271 1406
1065 1059 1401
1401 1059 1406
1048 1386 1073
1379 1042 1056
1050 1041 1381
1118 1092 1411
1129 1122 1242
1242 1122 1241
1411 1229 1118
1241 1122 1118
1241 1118 1234
1234 1118 1229
1099 1114 1377
1377 1114 1368
1368 1114 1108
1418 1104 1098
1416 1099 1377
1411 1092 1423
1423 1092 1089
1423 1089 1416
1416 1089 1101
1163 1169 1426
1428 1170 1164
1428 1164 1430
1151 1143 1162
1271 1130 1406
1406 1130 1434
1434 1130 1157
1434 1157 1438
1438 1157 1152
1430 1164 1139
1283 1139 1281
1281 1139 1138
1281 1138 1276
1276 1138 1271
1271 1138 1130
1449 1195 1212
1449 1212 1447
1447 1212 1182
1411 1208 1229
1229 1208 1224
1224 1208 1203
1430 1200 1195
1224 1203 1220
1220 1203 1200
1175 1190 1456
1453 1193 1188
1453 1188 1411
1411 1188 1208
1446 1185 1176
1449 1430 1195
1220 1200 1430
1220 1430 1216
1139 1283 1430
1283 1288 1430
1430 1288 1216
1246 1108 1242
1242 1108 1129
1259 1069 1254
1108 1246 1250
1108 1250 1069
1069 1250 1254
1462 1369 1468
1473 1378 1458
1461 1376 1367
1476 1375 1471
1477 1415 1374
1482 1421 1487
1488 1420 1489
1490 1422 1419
1491 1417 1478
1483 1414 1424
1481 1499 1413
1412 1498 1457
1455 1497 1502
1454 1506 1512
1452 1510 1174
1517 1445 1524
1522 1444 1513
1508 1443 1178
1520 1450 1442
1451 1519 1530
1448 1527 1431
1432 1531 1536
1433 1537 1427
1429 1535 1541
1425 1544 1161
1546 1437 1551
1552 1436 1440
1556 1439 1557
1560 1441 1148
1562 1150 1538
1543 1147 1158
1567 1402 1571
1572 1405 1407
1570 1409 1576
1578 1410 1549
1548 1408 1435
1580 1055 1564
1565 1054 1403
1588 1385 1584
1582 1384 1052
1594 1383 1586
1463 1371 1389
1465 1388 1600
1598 1387 1399
1596 1398 1605
1602 1394 1589
1590 1397 1382
1608 1603 1611
1612 1604 1592
1613 1591 1617
1618 1593 1585
1616 1587 1581
1615 1583 1619
1620 1579 1566
1621 1563 1569
1623 1568 1627
1626 1573 1577
1625 1575 1628
1630 1574 1545
1631 1550 1633
1634 1547 1555
1635 1553 1638
1639 1554 1558
1637 1559 1640
1643 1561 1542
1641 1540 1647
1646 1539 1533
1645 1532 1651
1648 1534 1528
1649 1529 1652
1653 1526 1514
1654 1515 1658
1657 1516 1660
1662 1518 1523
1659 1525 1663
1664 1521 1507
1666 1509 1667
1668 1511 1505
1669 1504 1674
1671 1503 1501
1672 1500 1678
1677 1496 1479
1676 1480 1679
1682 1484 1485
1683 1486 1494
1681 1495 1684
1686 1493 1691
1689 1492 1474
1687 1475 1472
1688 1470 1696
1694 1469 1460
1695 1459 1467
1693 1466 1698
1699 1464 1599
1700 1597 1609
1607 1595 1601
1332 1337 1702
1331 1703 1326
1328 1704 1323
1312 1320 1707
1313 1708 1308
1307 1709 1714
1309 1712 1305
1304 1713 1717
1306 1718 1300
1297 1719 1296
1292 1716 1721
1291 1723 1364
1361 1722 1725
1366 1724 1356
1357 1726 1729
1355 1731 1351
1350 1730 1349
1349 1730 1732
1347 1734 1339
1344 1735 1738
1340 1736 1335
1675 1739 1673
1673 1739 1743
1673 1743 1670
1670 1743 1749
1670 1749 1665
1665 1749 1755
1665 1755 1661
1661 1755 1656
1656 1755 1757
1622 1762 1614
1614 1762 1767
1614 1767 1610
1610 1767 1769
1610 1769 1606
1606 1769 1697
1697 1769 1775
1697 1775 1692
1692 1775 1779
1656 1757 1655
1655 1757 1783
1655 1783 1650
1650 1783 1644
1644 1783 1788
1644 1788 1642
1642 1788 1792
1642 1792 1636
1692 1779 1796
1692 1796 1690
1690 1796 1685
1685 1796 1804
1685 1804 1680
1680 1804 1805
1680 1805 1675
1675 1805 1739
1792 1811 1636
1636 1811 1632
1632 1811 1629
1629 1811 1814
1629 1814 1624
1624 1814 1820
1624 1820 1622
1622 1820 1762
1908 1906 1914
1911 1900 1917
2177 2174 1900
1900 2174 2189
2186 2191 1903
2190 1917 1900
2208 1881 2199
1881 2208 1889
1886 1893 2201
2200 1898 1881
1883 1899 2212
1884 2213 2205
1920 1770 1928
1929 1771 1768
1930 1766 1934
1931 1765 1760
1935 1761 1940
1939 1763 1941
1945 1764 1821
1946 1822 1949
1947 1819 1817
1948 1815 1956
1953 1816 1959
1958 1818 1813
1960 1812 1967
1968 1810 1971
1973 1809 1791
1972 1793 1977
1978 1794 1984
1983 1795 1790
1982 1789 1784
1981 1786 1987
1986 1785 1990
1994 1787 1758
1993 1756 1996
2001 1759 1754
1997 1752 2005
2003 1751 2006
2007 1753 1750
2008 1748 2014
2012 1747 1745
2016 1744 2017
2022 1746 1742
2018 1741 2024
2027 1740 1806
2028 1807 2032
2029 1808 1802
2031 1801 2035
2037 1803 1797
2036 1798 2044
2042 1799 2051
2047 1800 1780
2046 1778 2056
2052 1781 2060
2058 1782 1774
2063 1777 2064
2069 1776 1773
2068 1772 1921
2074 2077 1879
1879 2077 1824
1824 2077 2081
1824 2081 1823
1823 2081 1825
1825 2081 1826
1826 2081 2085
1826 2085 1827
1827 2085 1828
1828 2085 2089
1828 2089 1830
1830 2089 1829
1829 2089 2094
1829 2094 1831
1831 2094 1832
1832 2094 2099
1832 2099 1833
1833 2099 1834
1834 2099 2101
1834 2101 1835
1835 2101 1837
1837 2101 2106
1837 2106 1836
1836 2106 1838
1838 2106 1839
1839 2106 2110
1839 2110 1840
1840 2110 1841
1841 2110 2115
1841 2115 1842
1842 2115 1844
1844 2115 2123
1844 2123 1843
1843 2123 1845
1845 2123 1846
1846 2123 2125
1846 2125 1847
1847 2125 1849
1849 2125 2129
1849 2129 1848
1848 2129 1850
1850 2129 2135
1850 2135 1851
1851 2135 1852
1852 2135 1853
1853 2135 2137
1853 2137 1854
1854 2137 1856
1856 2137 2143
1856 2143 1855
1855 2143 1857
1857 2143 1858
1858 2143 2146
1858 2146 1859
1859 2146 1860
1860 2146 1861
1861 2146 2150
1861 2150 1863
1863 2150 1862
1862 2150 2154
1862 2154 1864
1864 2154 1865
1865 2154 2155
1865 2155 1866
1866 2155 1868
1868 2155 2159
1868 2159 1867
1867 2159 1869
1869 2159 1870
1870 2159 2164
1870 2164 1871
1871 2164 1872
1872 2164 1873
1873 2164 2168
1873 2168 1875
1875 2168 1874
1874 2168 2172
1874 2172 1876
1876 2172 1877
1877 2172 2074
1877 2074 1878
1878 2074 1879
1724 2195 1727
2195 1724 1720
1728 2198 1882
1733 2183 1737
1715 2195 1720
2179 1904 1711
2181 1335 1736
1334 2179 1701
1880 1733 1727
1902 1712 1706
2178 1710 1322
2176 1321 1705
2183 1733 1880
1715 1712 2195
2195 1712 1902
2096 2095 1901
2197 2055 2062
2196 2057 2209
2061 2067 1892
2059 1891 2210
2066 2203 1890
1923 1897 2065
2070 1896 2202
2214 1895 1924
1925 1894 1922
1888 2207 1936
1932 2206 1926
1927 2204 2211
2113 2180 2116
2118 2182 1887
2111 2173 2184
2107 2188 2112
2114 2185 2175
2109 2193 2187
1916 2192 2108
2104 1918 2105
2102 1913 1919
2097 1915 2103
2098 1907 1909
2100 1910 1912
1885 1933 1937
1885 1937 2120
2117 1938 1942
2119 1943 2122
2121 1944 1952
2124 1951 2126
2127 1950 1955
2128 1954 2132
2131 1957 1961
2130 1963 2136
2134 1962 1966
2133 1965 2140
2139 1964 1969
2138 1974 2144
2141 1970 1976
2142 1975 1980
2142 1980 2145
2147 1979 1985
2147 1985 2149
2148 1989 2151
2152 1988 1991
2153 1995 2156
2157 1992 2000
2158 1999 2162
2161 1998 2002
2160 2004 2009
2160 2009 2163
2165 2010 2011
2165 2011 2166
2167 2013 2171
2170 2015 2020
2169 2019 2072
2073 2021 2026
2071 2023 2076
2078 2025 2034
2075 2033 2082
2080 2030 2038
2079 2039 2086
2083 2040 2043
2084 2041 2088
2087 2045 2050
2090 2049 2091
2093 2048 2054
2092 2053 2194
2092 2194 1905
