0.160041
0.051057
-0.025972
0.087728
-0.024421
0.098210
-0.743507
0.063166
-0.029274
-0.064480
-0.115873
0.064425
0.025531
-0.106925
0.141413
-0.142392
0.044056
0.115319
0.037563
-0.060803
-0.048169
0.074545
0.271748
-0.019731
0.025790
0.075084
0.637360
-0.027151
-0.074299
0.022009
-0.021587
0.008509
0.009326
0.043014
0.049787
-0.044682
0.009035
0.064106
-0.027028
-0.010934
0.008722
-0.221309
-0.367369
0.084105
0.036290
-0.078542
-0.137901
-0.095492
-0.064669
-0.034650
-0.001307
-0.019158
-0.053978
-0.171028
0.019700
-0.088110
-0.027119
-0.030281
-0.135628
0.132037
-0.211536
-0.231983
0.117487
-0.111197
-0.062003
0.068872
0.013330
-0.038765
0.011033
0.029024
0.029190
0.019545
-0.031349
0.215615
-0.106397
-0.020011
0.041903
-0.094045
0.049140
0.109984
-0.915206
-0.006100
0.036027
-0.086483
0.160016
0.048411
0.683397
-0.014585
0.002070
0.013925
-0.983933
0.195189
0.032607
-0.744969
0.086447
0.019920
-0.047626
-0.916314
-0.026116
0.029199
0.083507
-0.016559
0.042637
0.002246
-0.204136
0.052330
-0.097259
-0.052447
0.042544
-0.037479
0.194996
-1.150297
-0.377437
-0.024487
0.051378
0.115001
-0.064661
-0.029276
0.092307
0.017944
0.308802
-0.010624
-0.040668
0.071225
0.026655
0.046626
0.006234
-0.114774
