0.011539
-0.054178
0.867421
-1.679535
-0.005234
0.004846
0.156218
-0.010668
0.039450
-0.028545
-0.198358
-0.901276
-0.016483
0.163628
-0.117948
0.051423
0.144115
0.020095
-0.265144
-0.079251
0.036662
-0.131372
-0.114920
0.739767
-0.212851
0.265559
-0.346118
-0.078414
-0.081986
0.066304
0.046557
-0.178382
0.048873
0.321828
0.067947
-0.379306
-0.128404
0.008444
0.054674
-0.287285
-0.020467
-0.265684
-0.082370
0.164508
-0.088119
-0.023674
-0.543726
-0.096880
-0.019707
0.006066
-0.088221
-0.189611
-0.014828
-0.090652
0.030599
0.051918
-0.098322
-0.045222
0.047356
-0.046956
0.026284
-0.076141
-0.188706
-0.029072
