1
franka_link1
V
-0.0549570000000000	-0.0523830000000000	-0.0262400000000000
-0.0549480000000000	0.00266600000000000	-0.192000000000000
-0.0549300000000000	-0.000500000000000000	-0.00296200000000000
-0.0549230000000000	-0.0600650000000000	-0.000110000000000000
-0.0549180000000000	0.00157400000000000	-0.111420000000000
-0.0549140000000000	-0.0156970000000000	-0.0967620000000000
-0.0548360000000000	-0.0450180000000000	-0.0483890000000000
-0.0548350000000000	-0.0346890000000000	-0.0688530000000000
-0.0547980000000000	-0.00490000000000000	-0.192000000000000
-0.0545970000000000	-0.0398340000000000	-0.0124690000000000
-0.0545570000000000	-0.0607380000000000	0.00680900000000000
-0.0539410000000000	-0.0113600000000000	-0.125145000000000
-0.0537390000000000	0.0117370000000000	-0.192000000000000
-0.0536250000000000	0.0119620000000000	-0.116406000000000
-0.0532660000000000	-0.000500000000000000	0.0138070000000000
-0.0532620000000000	0.0137260000000000	-0.138308000000000
-0.0532030000000000	-0.0183760000000000	-0.108396000000000
-0.0531400000000000	-0.0142240000000000	-0.192000000000000
-0.0530390000000000	-0.0266610000000000	-0.0921250000000000
-0.0529960000000000	-0.0385470000000000	-0.0362370000000000
-0.0525330000000000	-0.0168520000000000	-0.142342000000000
-0.0524390000000000	0.00790500000000000	-0.107390000000000
-0.0523070000000000	-0.000500000000000000	-0.0170170000000000
-0.0521780000000000	-0.0108700000000000	-0.0908420000000000
-0.0521630000000000	-0.0294660000000000	-0.0593100000000000
-0.0520360000000000	-0.0684720000000000	-0.0187490000000000
-0.0519540000000000	-0.0596770000000000	-0.0344790000000000
-0.0518830000000000	-0.0105850000000000	-0.0193780000000000
-0.0516960000000000	-0.0252970000000000	-0.0271530000000000
-0.0515290000000000	0.0190430000000000	-0.119165000000000
-0.0512370000000000	0.0200500000000000	-0.192000000000000
-0.0511150000000000	-0.0831300000000000	0.00593900000000000
-0.0510680000000000	-0.00323400000000000	-0.0968240000000000
-0.0510130000000000	-0.0162300000000000	-0.0799240000000000
-0.0508680000000000	-0.0247570000000000	-0.111701000000000
-0.0504790000000000	-0.0298780000000000	-0.0449210000000000
-0.0504380000000000	-0.0626820000000000	0.0219070000000000
-0.0504070000000000	-0.0232510000000000	-0.126370000000000
-0.0503270000000000	-0.0784110000000000	0.0145290000000000
-0.0501570000000000	-0.000500000000000000	-0.0225760000000000
-0.0500170000000000	-0.0115050000000000	-0.0247820000000000
-0.0497900000000000	-0.0213690000000000	-0.0317770000000000
-0.0494720000000000	-0.0195060000000000	-0.0691610000000000
-0.0489810000000000	-0.0259020000000000	-0.0493490000000000
-0.0489430000000000	-0.0368220000000000	-0.0912810000000000
-0.0487730000000000	0.0184700000000000	-0.109767000000000
-0.0486970000000000	-0.0946310000000000	-0.00652700000000000
-0.0486070000000000	-0.00177800000000000	-0.0944090000000000
-0.0482690000000000	-0.0674590000000000	-0.0381220000000000
-0.0480900000000000	-0.0235300000000000	-0.0420670000000000
-0.0480410000000000	-0.0267900000000000	-0.192000000000000
-0.0479960000000000	0.0267980000000000	-0.121941000000000
-0.0477720000000000	-0.0152450000000000	-0.0742450000000000
-0.0471960000000000	0.0241300000000000	-0.113409000000000
-0.0465260000000000	-0.0102780000000000	-0.0811410000000000
-0.0464990000000000	-0.0309840000000000	-0.127109000000000
-0.0463340000000000	-0.00828200000000000	-0.0308260000000000
-0.0463210000000000	-0.0598000000000000	-0.0561470000000000
-0.0463110000000000	-0.107334000000000	-0.00198600000000000
-0.0462950000000000	-0.0639170000000000	0.0295590000000000
-0.0459340000000000	-0.107763000000000	0.00393600000000000
-0.0456880000000000	-0.106666000000000	-0.00907600000000000
-0.0454580000000000	0.0175650000000000	-0.104836000000000
-0.0452640000000000	-0.0176570000000000	-0.0615380000000000
-0.0451590000000000	-0.0375150000000000	-0.105799000000000
-0.0451060000000000	-0.107335000000000	0.0106670000000000
-0.0448660000000000	-0.000500000000000000	-0.0318340000000000
-0.0447810000000000	-0.0173650000000000	-0.0423330000000000
-0.0446700000000000	-0.0898970000000000	-0.0256070000000000
-0.0446270000000000	-0.0729890000000000	-0.0417340000000000
-0.0443880000000000	-0.000500000000000000	0.0324850000000000
-0.0442620000000000	0.0311390000000000	-0.118509000000000
-0.0436120000000000	-0.0476670000000000	-0.0858370000000000
-0.0430730000000000	0.0252080000000000	-0.108251000000000
-0.0429420000000000	-0.107777000000000	-0.0167040000000000
-0.0428940000000000	0.0344690000000000	-0.192000000000000
-0.0428360000000000	-0.107514000000000	0.0174590000000000
-0.0426890000000000	-0.00158200000000000	-0.0886480000000000
-0.0425860000000000	0.0306230000000000	-0.113706000000000
-0.0425260000000000	-0.0122180000000000	-0.0724120000000000
-0.0425020000000000	-0.0123880000000000	-0.0394690000000000
-0.0424150000000000	-0.0167000000000000	-0.0513070000000000
-0.0419860000000000	-0.112080000000000	0.00391700000000000
-0.0419010000000000	-0.0903900000000000	0.0275440000000000
-0.0418550000000000	-0.0356320000000000	-0.192000000000000
-0.0414630000000000	0.00952400000000000	-0.0969410000000000
-0.0414270000000000	-0.106871000000000	0.0211890000000000
-0.0413960000000000	-0.00860600000000000	-0.0379120000000000
-0.0409570000000000	-0.0395490000000000	-0.120216000000000
-0.0408640000000000	0.0367370000000000	-0.124092000000000
-0.0408340000000000	-0.00628700000000000	-0.0815580000000000
-0.0404480000000000	-0.0433080000000000	-0.106656000000000
-0.0398690000000000	-0.113781000000000	-0.00640500000000000
-0.0397450000000000	0.0218310000000000	-0.102907000000000
-0.0395650000000000	-0.0133140000000000	-0.0459400000000000
-0.0394980000000000	-0.0135410000000000	-0.0632680000000000
-0.0392210000000000	0.0357820000000000	-0.116391000000000
-0.0389940000000000	-0.0654570000000000	-0.0639940000000000
-0.0389460000000000	0.0388680000000000	-0.192000000000000
-0.0388510000000000	-0.0511170000000000	-0.0905370000000000
-0.0382460000000000	-0.107732000000000	-0.0257530000000000
-0.0379780000000000	-0.113191000000000	-0.0154510000000000
-0.0376230000000000	-0.107364000000000	0.0270270000000000
-0.0375330000000000	0.00598900000000000	-0.0924110000000000
-0.0369680000000000	-0.000500000000000000	-0.0407320000000000
-0.0368120000000000	-0.116776000000000	-0.000496000000000000
-0.0366550000000000	-0.0130680000000000	-0.0568570000000000
-0.0366210000000000	-0.114800000000000	0.0140730000000000
-0.0365590000000000	-0.0987550000000000	-0.0337840000000000
-0.0358090000000000	0.000258000000000000	-0.0867090000000000
-0.0357500000000000	-0.0455210000000000	-0.116712000000000
-0.0357410000000000	-0.0642380000000000	0.0417820000000000
-0.0356210000000000	-0.0115350000000000	-0.0475910000000000
-0.0355160000000000	-0.107883000000000	-0.0292350000000000
-0.0352620000000000	-0.116824000000000	0.0103900000000000
-0.0350310000000000	-0.00894700000000000	-0.0447820000000000
-0.0348660000000000	0.0424530000000000	-0.125190000000000
-0.0343780000000000	0.0233790000000000	-0.100565000000000
-0.0343300000000000	-0.0906630000000000	0.0364760000000000
-0.0342930000000000	-0.00992900000000000	-0.0706460000000000
-0.0342630000000000	-0.0439400000000000	-0.148927000000000
-0.0341610000000000	-0.0830730000000000	-0.0493630000000000
-0.0341170000000000	-0.0619450000000000	-0.0779910000000000
-0.0337910000000000	-0.0462130000000000	-0.122864000000000
-0.0336800000000000	0.0328220000000000	-0.106558000000000
-0.0332990000000000	0.0365460000000000	-0.110205000000000
-0.0332400000000000	-0.0740770000000000	-0.0608170000000000
-0.0331840000000000	-0.000500000000000000	0.0438920000000000
-0.0329650000000000	-0.00493800000000000	-0.0445180000000000
-0.0328630000000000	-0.0502970000000000	-0.107149000000000
-0.0326220000000000	-0.107387000000000	0.0328570000000000
-0.0319750000000000	-0.0447260000000000	-0.192000000000000
-0.0319150000000000	-0.114692000000000	0.0230170000000000
-0.0318660000000000	-0.119346000000000	-0.00950800000000000
-0.0315870000000000	-0.00727100000000000	-0.0753830000000000
-0.0314670000000000	0.0451350000000000	-0.192000000000000
-0.0313890000000000	0.0432970000000000	-0.119854000000000
-0.0312860000000000	-0.114393000000000	-0.0244440000000000
-0.0310590000000000	-0.0114070000000000	-0.0561310000000000
-0.0302410000000000	-0.0573120000000000	-0.0933270000000000
-0.0296130000000000	-0.107782000000000	-0.0353100000000000
-0.0295810000000000	-0.0106260000000000	-0.0643990000000000
-0.0288230000000000	-0.122022000000000	0.00100900000000000
-0.0283740000000000	0.0471250000000000	-0.126806000000000
-0.0282890000000000	-0.0638560000000000	0.0471880000000000
-0.0279800000000000	-0.0534960000000000	-0.107985000000000
-0.0277950000000000	-0.0913560000000000	-0.0483690000000000
-0.0274260000000000	-0.00941500000000000	-0.0685380000000000
-0.0272290000000000	0.00274700000000000	-0.0860360000000000
-0.0271790000000000	-0.0510620000000000	-0.121499000000000
-0.0265610000000000	0.0433350000000000	-0.114646000000000
-0.0261770000000000	-0.000500000000000000	-0.0483830000000000
-0.0257640000000000	-0.00814700000000000	-0.0508460000000000
-0.0256670000000000	-0.106706000000000	0.0388550000000000
-0.0249750000000000	-0.00525900000000000	-0.0496950000000000
-0.0248720000000000	-0.0499880000000000	-0.149895000000000
-0.0246780000000000	-0.120123000000000	-0.0204860000000000
-0.0246730000000000	-0.116229000000000	0.0282530000000000
-0.0246430000000000	-0.0908270000000000	0.0436240000000000
-0.0245980000000000	-0.122836000000000	0.0118810000000000
-0.0244870000000000	-0.0803270000000000	-0.0621230000000000
-0.0244110000000000	-0.0492840000000000	-0.192000000000000
-0.0241140000000000	0.0494330000000000	-0.127069000000000
-0.0233530000000000	-0.0653300000000000	-0.0853350000000000
-0.0228150000000000	0.0491890000000000	-0.123524000000000
-0.0222070000000000	-0.115280000000000	-0.0316610000000000
-0.0221040000000000	-0.124448000000000	-0.00907100000000000
-0.0220640000000000	-0.0648550000000000	0.0503060000000000
-0.0219470000000000	-0.0101220000000000	-0.0579740000000000
-0.0219010000000000	-0.00920900000000000	-0.0544980000000000
-0.0218350000000000	-0.124918000000000	0.00655400000000000
-0.0208960000000000	-0.119688000000000	0.0252180000000000
-0.0206190000000000	-0.0913760000000000	-0.0534190000000000
-0.0203930000000000	0.0332450000000000	-0.100790000000000
-0.0202360000000000	-0.107400000000000	-0.0417280000000000
-0.0198150000000000	-0.111052000000000	-0.0383670000000000
-0.0197090000000000	-0.0598470000000000	-0.101504000000000
-0.0196340000000000	0.0514150000000000	-0.192000000000000
-0.0193620000000000	-0.107884000000000	0.0417270000000000
-0.0186270000000000	-0.0552720000000000	-0.121131000000000
-0.0178680000000000	0.00897400000000000	-0.0875310000000000
-0.0178220000000000	-0.117349000000000	0.0313640000000000
-0.0173460000000000	-0.00230700000000000	-0.0792950000000000
-0.0171890000000000	-0.00590900000000000	-0.0533030000000000
-0.0171620000000000	0.0437750000000000	-0.109152000000000
-0.0169640000000000	-0.115882000000000	-0.0339260000000000
-0.0167950000000000	-0.000500000000000000	0.0523860000000000
-0.0164870000000000	0.0496780000000000	-0.118240000000000
-0.0162060000000000	-0.0644390000000000	0.0525490000000000
-0.0158550000000000	-0.0802730000000000	-0.0676700000000000
-0.0156750000000000	-0.00860500000000000	-0.0683240000000000
-0.0152710000000000	-0.127393000000000	-0.00245200000000000
-0.0149940000000000	-0.124672000000000	-0.0179520000000000
-0.0149710000000000	-0.0529400000000000	-0.192000000000000
-0.0145620000000000	-0.000500000000000000	-0.0530510000000000
-0.0145350000000000	-0.0699630000000000	-0.0835140000000000
-0.0141840000000000	-0.0590070000000000	-0.110384000000000
-0.0137000000000000	0.0532880000000000	-0.192000000000000
-0.0135400000000000	-0.0908510000000000	0.0482920000000000
-0.0134430000000000	0.0520980000000000	-0.122051000000000
-0.0133720000000000	-0.0540000000000000	-0.155423000000000
-0.0132480000000000	-0.122584000000000	0.0244480000000000
-0.0132470000000000	-0.121987000000000	-0.0257050000000000
-0.0131660000000000	0.0258050000000000	-0.0946450000000000
-0.0131560000000000	0.0534070000000000	-0.127381000000000
-0.0126540000000000	-0.0571400000000000	-0.121316000000000
-0.0126160000000000	-0.125774000000000	0.0162350000000000
-0.0125810000000000	-0.110287000000000	0.0420660000000000
-0.0123890000000000	-0.127617000000000	-0.00765600000000000
-0.0118240000000000	-0.00495200000000000	-0.0544150000000000
-0.0114850000000000	0.0384730000000000	-0.102138000000000
-0.0111530000000000	-0.116874000000000	0.0349480000000000
-0.0106160000000000	-0.0919040000000000	-0.0571580000000000
-0.0105510000000000	0.0471130000000000	-0.110490000000000
-0.0102680000000000	-0.107473000000000	-0.0451950000000000
-0.0100100000000000	0.00427000000000000	-0.0834880000000000
-0.00986000000000000	-0.0820030000000000	-0.0678630000000000
-0.00984700000000000	0.0432710000000000	-0.105816000000000
-0.00967900000000000	-0.128577000000000	0.00236700000000000
-0.00914200000000000	-0.107395000000000	0.0453880000000000
-0.00831000000000000	-0.0714970000000000	-0.0834970000000000
-0.00820300000000000	-0.125695000000000	-0.0190860000000000
-0.00772400000000000	-0.00358900000000000	-0.0768170000000000
-0.00733100000000000	-0.000500000000000000	0.0545360000000000
-0.00676700000000000	0.00724900000000000	-0.0847840000000000
-0.00671500000000000	-0.128328000000000	0.00914200000000000
-0.00645400000000000	-0.0866230000000000	0.0506360000000000
-0.00558800000000000	-0.123628000000000	0.0250970000000000
-0.00545900000000000	-0.0644590000000000	0.0547190000000000
-0.00542700000000000	-0.0549980000000000	-0.164242000000000
-0.00523000000000000	-0.113875000000000	-0.0399340000000000
-0.00522000000000000	0.0547750000000000	-0.192000000000000
-0.00501300000000000	-0.000500000000000000	-0.0547820000000000
-0.00487000000000000	-0.118825000000000	-0.0336700000000000
-0.00476300000000000	0.0533320000000000	-0.120710000000000
-0.00435300000000000	0.0547580000000000	-0.126479000000000
-0.00382200000000000	-0.107978000000000	0.0457690000000000
-0.00373800000000000	-0.129182000000000	-0.00366200000000000
-0.00346200000000000	-0.00645100000000000	-0.0565890000000000
-0.00331100000000000	-0.00809100000000000	-0.0583660000000000
-0.00322600000000000	-0.0585070000000000	-0.122386000000000
-0.00312400000000000	0.0517830000000000	-0.116421000000000
-0.00302000000000000	-0.114605000000000	0.0393460000000000
-0.00224700000000000	-0.123624000000000	-0.0255960000000000
-0.00174400000000000	-0.0567330000000000	-0.139326000000000
-0.000998000000000000	0.0383250000000000	-0.100776000000000
-0.000645000000000000	0.0206290000000000	-0.0906420000000000
-0.000351000000000000	0.0440010000000000	-0.105295000000000
-0.000238000000000000	-0.0998830000000000	-0.0518260000000000
-3.60000000000000e-05	-0.0781940000000000	-0.0745230000000000
-2.00000000000000e-06	-0.0718720000000000	-0.0844050000000000
9.00000000000000e-06	-0.0650270000000000	-0.0987370000000000
5.00000000000000e-05	-0.0891360000000000	-0.0614750000000000
0.000117000000000000	-0.0622530000000000	-0.106637000000000
0.000407000000000000	0.00585400000000000	-0.0837630000000000
0.000618000000000000	-0.107521000000000	-0.0463070000000000
0.00122100000000000	0.0489910000000000	-0.111304000000000
0.00125400000000000	0.0549170000000000	-0.126482000000000
0.00129400000000000	-0.114698000000000	-0.0393250000000000
0.00149100000000000	-0.121369000000000	0.0299680000000000
0.00265800000000000	-0.0639360000000000	0.0549430000000000
0.00279100000000000	-0.128783000000000	0.00823500000000000
0.00359000000000000	0.0549060000000000	-0.192000000000000
0.00366100000000000	-0.0963460000000000	0.0488640000000000
0.00376900000000000	-0.00530200000000000	-0.0558310000000000
0.00377200000000000	-0.000503000000000000	-0.0548760000000000
0.00404200000000000	0.0402580000000000	-0.102298000000000
0.00417100000000000	-0.124986000000000	0.0222460000000000
0.00428000000000000	-0.119392000000000	0.0329100000000000
0.00435400000000000	-0.00938200000000000	-0.0619530000000000
0.00437100000000000	-0.127010000000000	-0.0162610000000000
0.00449300000000000	-0.0548360000000000	-0.192000000000000
0.00478000000000000	-0.122568000000000	-0.0274210000000000
0.00485300000000000	-0.00880600000000000	-0.0594870000000000
0.00522300000000000	-0.0548450000000000	-0.170825000000000
0.00524700000000000	0.0525010000000000	-0.118535000000000
0.00586300000000000	-0.128665000000000	-0.00748100000000000
0.00590400000000000	-0.106820000000000	0.0461620000000000
0.00634700000000000	-0.000345000000000000	-0.0799200000000000
0.00671700000000000	-0.128985000000000	0.00238700000000000
0.00671800000000000	-0.117564000000000	-0.0351520000000000
0.00688300000000000	-0.0863930000000000	-0.0635590000000000
0.00738300000000000	-0.00518000000000000	-0.0747430000000000
0.00763600000000000	0.0442740000000000	-0.106325000000000
0.00793900000000000	0.0491090000000000	-0.112598000000000
0.00981800000000000	-0.0952610000000000	-0.0543650000000000
0.0102140000000000	-0.127847000000000	0.00901100000000000
0.0102720000000000	-0.0758820000000000	-0.0759050000000000
0.0104170000000000	-0.000500000000000000	0.0540290000000000
0.0106040000000000	-0.0546330000000000	-0.155135000000000
0.0106410000000000	-0.127289000000000	-0.0117500000000000
0.0109980000000000	-0.107539000000000	-0.0449740000000000
0.0112070000000000	-0.0681420000000000	-0.0885960000000000
0.0114890000000000	0.0317480000000000	-0.0976760000000000
0.0115430000000000	-0.0569880000000000	-0.124388000000000
0.0117850000000000	-0.124915000000000	-0.0195260000000000
0.0121110000000000	-0.121228000000000	-0.0277250000000000
0.0126180000000000	-0.125974000000000	0.0155230000000000
0.0126400000000000	-0.0594240000000000	-0.110402000000000
0.0127800000000000	0.00914400000000000	-0.0865580000000000
0.0129430000000000	-0.106775000000000	0.0447260000000000
0.0131600000000000	-0.117833000000000	0.0328970000000000
0.0133340000000000	0.0533770000000000	-0.192000000000000
0.0133490000000000	-0.112008000000000	0.0400770000000000
0.0134570000000000	-0.123086000000000	0.0232050000000000
0.0137440000000000	-0.0644860000000000	0.0532400000000000
0.0140770000000000	-0.111791000000000	-0.0400450000000000
0.0144370000000000	-0.0540020000000000	-0.150368000000000
0.0146830000000000	-0.00778600000000000	-0.0705220000000000
0.0149260000000000	-0.00729200000000000	-0.0549400000000000
0.0150030000000000	0.0528140000000000	-0.126377000000000
0.0160100000000000	0.0413840000000000	-0.105989000000000
0.0160440000000000	-0.00893600000000000	-0.0566990000000000
0.0160910000000000	-0.0882800000000000	-0.0586620000000000
0.0161260000000000	-0.0800830000000000	0.0497420000000000
0.0161530000000000	-0.127191000000000	-0.00126500000000000
0.0162820000000000	-0.00454800000000000	-0.0530660000000000
0.0163380000000000	0.0471510000000000	-0.113403000000000
0.0166710000000000	-0.000500000000000000	-0.0524190000000000
0.0177400000000000	-0.0717020000000000	-0.0787190000000000
0.0181560000000000	-0.107434000000000	-0.0426650000000000
0.0182870000000000	0.0518930000000000	-0.192000000000000
0.0183940000000000	-0.124903000000000	-0.0134790000000000
0.0184500000000000	-0.0641320000000000	-0.0922520000000000
0.0192440000000000	-0.119920000000000	0.0260400000000000
0.0202630000000000	0.0248240000000000	-0.0958490000000000
0.0202860000000000	-0.0752310000000000	-0.0717530000000000
0.0204280000000000	-0.0513840000000000	-0.163408000000000
0.0205180000000000	-0.117524000000000	-0.0293830000000000
0.0205410000000000	-0.106771000000000	0.0417790000000000
0.0212390000000000	-0.00986400000000000	-0.0634780000000000
0.0216260000000000	-0.0563890000000000	-0.109844000000000
0.0222210000000000	0.0481620000000000	-0.120042000000000
0.0224620000000000	0.0317520000000000	-0.100468000000000
0.0226080000000000	-0.121067000000000	-0.0204780000000000
0.0226120000000000	-0.124642000000000	-0.00619400000000000
0.0226140000000000	-0.124098000000000	0.00990100000000000
0.0228960000000000	0.00544900000000000	-0.0867250000000000
0.0229880000000000	-0.0940320000000000	-0.0496880000000000
0.0235750000000000	-0.0496880000000000	-0.192000000000000
0.0239910000000000	-0.113826000000000	-0.0324120000000000
0.0246470000000000	-0.0103220000000000	-0.0562390000000000
0.0246950000000000	-0.00134400000000000	-0.0817150000000000
0.0247760000000000	-0.00959700000000000	-0.0534680000000000
0.0248540000000000	-0.124017000000000	-0.000526000000000000
0.0249940000000000	-0.0529890000000000	-0.117338000000000
0.0251520000000000	-0.107520000000000	0.0387950000000000
0.0252910000000000	-0.00655500000000000	-0.0500380000000000
0.0258250000000000	-0.0823490000000000	-0.0587340000000000
0.0259270000000000	-0.118126000000000	0.0235510000000000
0.0263700000000000	-0.0512240000000000	-0.123730000000000
0.0266960000000000	-0.113063000000000	0.0313020000000000
0.0270140000000000	-0.100070000000000	-0.0423640000000000
0.0273300000000000	-0.0536670000000000	-0.108749000000000
0.0275500000000000	-0.0481780000000000	-0.157027000000000
0.0278120000000000	0.0474670000000000	-0.192000000000000
0.0280030000000000	0.0471920000000000	-0.125670000000000
0.0282110000000000	-0.0643830000000000	0.0471910000000000
0.0286880000000000	-0.120939000000000	0.0110250000000000
0.0295430000000000	-0.000500000000000000	-0.0463990000000000
0.0299640000000000	-0.0907160000000000	0.0401510000000000
0.0302240000000000	-0.0588690000000000	-0.0898800000000000
0.0303480000000000	-0.120803000000000	-0.00615500000000000
0.0303790000000000	0.0422110000000000	-0.116210000000000
0.0304820000000000	-0.00843900000000000	-0.0725370000000000
0.0306500000000000	0.0346990000000000	-0.106413000000000
0.0308310000000000	-0.118049000000000	-0.0168340000000000
0.0309910000000000	-0.107533000000000	-0.0343370000000000
0.0313940000000000	-0.0661440000000000	-0.0747190000000000
0.0314600000000000	-0.111416000000000	-0.0290640000000000
0.0315240000000000	-0.0843730000000000	-0.0511860000000000
0.0317320000000000	-0.119952000000000	0.00620700000000000
0.0319610000000000	0.0297910000000000	-0.103183000000000
0.0330610000000000	-0.0118540000000000	-0.0592060000000000
0.0331490000000000	-0.0438740000000000	-0.192000000000000
0.0332640000000000	-0.106887000000000	0.0325000000000000
0.0339340000000000	-0.00780900000000000	-0.0449030000000000
0.0339830000000000	0.0354250000000000	-0.109420000000000
0.0345240000000000	-0.0451660000000000	-0.126858000000000
0.0345810000000000	-0.0490960000000000	-0.106487000000000
0.0352840000000000	-0.0108200000000000	-0.0466090000000000
0.0353560000000000	-0.0427470000000000	-0.155420000000000
0.0354850000000000	-0.000500000000000000	0.0420540000000000
0.0358060000000000	-0.0642270000000000	0.0417260000000000
0.0358710000000000	-0.106916000000000	-0.0297010000000000
0.0360310000000000	-0.0110490000000000	-0.0686040000000000
0.0362910000000000	0.0413280000000000	-0.125411000000000
0.0364660000000000	0.0411980000000000	-0.192000000000000
0.0366930000000000	-0.00431200000000000	-0.0819330000000000
0.0366980000000000	-0.0763960000000000	-0.0530950000000000
0.0368160000000000	-0.116728000000000	-0.00230500000000000
0.0371610000000000	-0.000500000000000000	-0.0405700000000000
0.0372630000000000	-0.0677620000000000	-0.0635780000000000
0.0373630000000000	-0.112330000000000	0.0189950000000000
0.0373990000000000	-0.115057000000000	-0.0107900000000000
0.0374740000000000	-0.0125230000000000	-0.0476100000000000
0.0375580000000000	-0.114528000000000	0.0123650000000000
0.0378370000000000	-0.107426000000000	0.0266690000000000
0.0380810000000000	0.0359100000000000	-0.114712000000000
0.0384220000000000	0.00198700000000000	-0.0895740000000000
0.0384430000000000	-0.0497690000000000	-0.0946670000000000
0.0389990000000000	0.0294470000000000	-0.107856000000000
0.0392010000000000	-0.0555250000000000	-0.0806190000000000
0.0393260000000000	-0.0861020000000000	-0.0391560000000000
0.0394500000000000	-0.0404500000000000	-0.126591000000000
0.0397300000000000	0.00801600000000000	-0.0949420000000000
0.0397390000000000	-0.0146790000000000	-0.0527190000000000
0.0397900000000000	-0.110288000000000	-0.0185580000000000
0.0398520000000000	0.0369830000000000	-0.120816000000000
0.0399870000000000	-0.0142500000000000	-0.0603910000000000
0.0400180000000000	-0.107529000000000	-0.0231550000000000
0.0405290000000000	-0.0371530000000000	-0.192000000000000
0.0406730000000000	-0.0111410000000000	-0.0406480000000000
0.0409070000000000	-0.0830060000000000	0.0314620000000000
0.0411470000000000	-0.107841000000000	0.0206720000000000
0.0412650000000000	-0.0633350000000000	0.0363940000000000
0.0420190000000000	-0.0126580000000000	-0.0706540000000000
0.0421550000000000	0.0327830000000000	-0.116509000000000
0.0423380000000000	-0.000500000000000000	-0.0351200000000000
0.0428440000000000	-0.0711220000000000	-0.0482770000000000
0.0429740000000000	-0.0380630000000000	-0.114996000000000
0.0432180000000000	-0.00676700000000000	-0.0349020000000000
0.0434750000000000	-0.00277400000000000	-0.0879410000000000
0.0435590000000000	-0.0855870000000000	-0.0315920000000000
0.0435650000000000	-0.110644000000000	0.000346000000000000
0.0437380000000000	-0.0179200000000000	-0.0488330000000000
0.0438530000000000	-0.107243000000000	-0.0151080000000000
0.0441230000000000	-0.106811000000000	0.0148400000000000
0.0443630000000000	0.0178020000000000	-0.103987000000000
0.0447550000000000	-0.0119450000000000	-0.0759020000000000
0.0447560000000000	0.00860100000000000	-0.0986660000000000
0.0449430000000000	0.0316300000000000	-0.123027000000000
0.0449520000000000	-0.0170650000000000	-0.0626290000000000
0.0449590000000000	0.0317110000000000	-0.192000000000000
0.0452120000000000	-0.0172400000000000	-0.0408600000000000
0.0453540000000000	-0.0328140000000000	-0.126988000000000
0.0454010000000000	-0.106695000000000	-0.0103930000000000
0.0454290000000000	-0.106968000000000	0.00999100000000000
0.0456850000000000	-0.107842000000000	-0.00572100000000000
0.0457530000000000	-0.0587540000000000	-0.0594560000000000
0.0458360000000000	-0.00943800000000000	-0.0815490000000000
0.0458630000000000	-0.0629130000000000	0.0303800000000000
0.0461850000000000	0.0221000000000000	-0.109305000000000
0.0462890000000000	-0.0378550000000000	-0.0998100000000000
0.0465130000000000	-0.106902000000000	0.000324000000000000
0.0467970000000000	-0.0211020000000000	-0.0549750000000000
0.0468020000000000	-0.0828340000000000	0.0217700000000000
0.0469570000000000	-0.0222550000000000	-0.0476230000000000
0.0471960000000000	-0.0458720000000000	-0.0788140000000000
0.0472560000000000	-0.0281150000000000	-0.192000000000000
0.0476440000000000	0.000365000000000000	-0.0952040000000000
0.0478790000000000	-0.0688830000000000	-0.0375300000000000
0.0481630000000000	-0.0990080000000000	0.00359500000000000
0.0483460000000000	-0.000500000000000000	0.0262790000000000
0.0485260000000000	-0.0164790000000000	-0.0733020000000000
0.0486160000000000	0.0256750000000000	-0.121762000000000
0.0487040000000000	-0.0213110000000000	-0.0355060000000000
0.0488150000000000	-0.000500000000000000	-0.0253510000000000
0.0491140000000000	-0.0786470000000000	-0.0214530000000000
0.0491360000000000	0.0199510000000000	-0.112169000000000
0.0493220000000000	-0.0256700000000000	-0.126915000000000
0.0494930000000000	-0.0261950000000000	-0.0525870000000000
0.0496050000000000	-0.0849210000000000	0.0126060000000000
0.0497600000000000	-0.0119480000000000	-0.0255880000000000
0.0501150000000000	-0.0286160000000000	-0.0415210000000000
0.0501340000000000	-0.0226460000000000	-0.192000000000000
0.0503530000000000	-0.0308950000000000	-0.0980820000000000
0.0504120000000000	-0.0632410000000000	0.0217830000000000
0.0507500000000000	0.00102900000000000	-0.0999430000000000
0.0510280000000000	-0.0591100000000000	-0.0403340000000000
0.0516290000000000	0.0103790000000000	-0.107589000000000
0.0518570000000000	-0.0193520000000000	-0.127161000000000
0.0519980000000000	-0.0200110000000000	-0.0763280000000000
0.0522280000000000	0.0173080000000000	-0.119603000000000
0.0524340000000000	-0.0121720000000000	-0.0899010000000000
0.0524800000000000	0.0165270000000000	-0.192000000000000
0.0524930000000000	-0.00688700000000000	-0.0961910000000000
0.0527420000000000	-0.0748860000000000	-0.000476000000000000
0.0529310000000000	-0.0295060000000000	-0.0230850000000000
0.0530350000000000	0.0118990000000000	-0.113161000000000
0.0530620000000000	-0.000500000000000000	-0.0144820000000000
0.0531370000000000	0.00121400000000000	-0.104767000000000
0.0532270000000000	-0.0396100000000000	-0.0389280000000000
0.0534200000000000	-0.0355210000000000	-0.0548710000000000
0.0537950000000000	-0.0207080000000000	-0.0979770000000000
0.0538690000000000	-0.0110730000000000	-0.192000000000000
0.0540450000000000	-0.0333780000000000	-0.0165900000000000
0.0541870000000000	-0.0105270000000000	-0.117704000000000
0.0545230000000000	0.00676200000000000	-0.113999000000000
0.0545730000000000	-0.0606850000000000	0.00670600000000000
0.0546070000000000	-0.0483730000000000	-0.0219770000000000
0.0546260000000000	-0.000500000000000000	0.00659800000000000
0.0546780000000000	0.00599000000000000	-0.191999000000000
0.0548330000000000	-0.0352500000000000	-0.0678920000000000
0.0549080000000000	-0.00345100000000000	-0.131381000000000
0.0549140000000000	-0.0589070000000000	-0.00541100000000000
0.0549450000000000	-0.0510030000000000	-0.0305100000000000
0.0549580000000000	-0.00779900000000000	-0.105928000000000
0.0549920000000000	0.000998000000000000	-0.187002000000000
0.0549930000000000	-0.00549800000000000	-0.000996000000000000
0.0549940000000000	-0.000997000000000000	-0.187002000000000
0.0549990000000000	-0.000500000000000000	-0.000628000000000000
F
323	336	291
323	291	296
307	297	281
307	329	297
292	259	256
395	363	367
296	271	273
428	415	397
325	302	305
307	281	259
352	347	302
425	391	395
397	359	372
337	298	287
277	238	271
363	345	336
281	273	244
394	398	350
292	307	259
397	438	428
298	268	262
376	347	352
439	445	425
352	302	325
316	287	280
298	305	268
394	350	359
367	335	329
291	280	277
415	398	394
439	425	395
287	298	262
372	345	363
297	323	296
297	296	273
341	329	307
297	273	281
278	237	243
408	395	367
304	278	243
345	337	287
345	287	316
370	329	341
397	372	391
304	301	278
316	280	291
370	367	329
304	243	269
367	336	323
398	376	352
291	277	271
298	325	305
321	307	292
330	301	304
302	304	269
335	323	297
350	352	325
273	271	222
363	336	367
350	398	352
391	372	363
408	439	395
408	367	370
287	262	280
273	222	244
341	307	321
341	321	368
427	439	408
277	262	238
425	397	391
367	323	335
359	325	298
347	330	304
368	370	341
345	359	337
411	427	408
411	408	370
359	350	325
385	370	368
385	411	370
425	445	438
397	394	359
280	262	277
438	397	425
336	316	291
395	391	363
302	347	304
337	359	298
336	345	316
305	269	260
372	359	345
329	335	297
305	302	269
296	291	271
305	260	268
397	415	394
106	115	83
106	83	93
228	268	260
166	157	138
182	179	154
158	154	131
238	209	193
166	138	141
193	157	203
182	154	158
202	212	182
160	115	143
167	143	134
260	243	212
226	207	171
228	212	202
192	171	143
208	220	179
203	157	166
260	212	228
222	238	193
143	115	106
219	171	192
176	166	141
222	193	203
207	268	228
186	203	166
222	271	238
102	75	101
226	171	219
262	207	226
208	179	182
244	222	203
207	202	172
209	143	167
186	166	176
171	160	143
262	268	207
209	192	143
175	176	141
243	237	220
243	220	208
160	133	108
134	106	93
212	208	182
234	203	186
234	244	203
115	108	83
260	269	243
160	207	172
172	158	133
138	134	102
83	61	59
176	175	215
157	167	134
231	234	186
215	186	176
114	102	101
160	108	115
234	281	244
138	102	114
231	186	215
259	281	234
157	134	138
259	234	231
102	93	62
193	209	167
193	167	157
93	83	59
256	231	215
256	259	231
172	133	160
238	219	192
172	182	158
238	192	209
143	106	134
262	226	219
171	207	160
108	103	77
102	62	75
243	208	212
133	103	108
238	262	219
133	131	103
134	93	102
83	77	66
93	59	62
202	182	172
207	228	202
158	131	133
108	77	83
83	66	61
138	114	141
175	141	147
45	49	27
98	127	122
197	177	150
252	251	221
89	111	92
100	123	73
49	70	26
190	161	123
65	73	45
177	196	140
147	114	109
26	47	4
45	58	49
206	254	197
111	130	92
206	241	254
213	215	173
253	249	213
122	70	98
147	141	114
70	69	26
140	164	123
65	100	73
92	100	65
101	75	69
150	146	124
124	146	111
213	249	215
114	101	109
215	175	173
221	217	196
196	217	164
47	62	59
27	26	1
196	164	140
8	27	7
127	161	122
215	249	256
123	98	73
12	6	5
111	146	130
12	17	6
130	100	92
254	252	197
21	35	12
177	221	196
164	217	190
221	250	217
21	38	35
197	252	177
12	35	17
70	109	69
251	250	221
122	109	70
161	147	122
69	75	26
35	19	17
17	19	6
73	58	45
150	177	146
130	140	100
38	65	35
35	45	19
6	19	8
122	147	109
56	65	38
123	127	98
73	98	58
250	253	217
75	62	26
217	213	190
190	173	161
252	221	177
65	45	35
58	70	49
161	173	147
146	140	130
1	26	4
56	89	65
109	101	69
180	197	150
49	26	27
89	92	65
217	253	213
206	197	180
190	213	173
58	98	70
164	190	123
19	27	8
7	27	1
62	47	26
19	45	27
123	161	127
146	177	140
173	175	147
100	140	123
131	154	119
39	87	37
119	154	159
199	227	189
189	227	229
229	227	261
37	87	60
66	39	32
60	87	84
61	66	32
159	179	168
77	87	39
179	199	168
154	179	159
66	77	39
261	227	264
84	119	112
179	220	199
227	237	264
11	39	37
199	220	227
47	32	4
220	237	227
32	59	61
32	39	11
32	11	4
112	159	145
145	159	168
59	32	47
87	103	84
119	159	112
103	131	84
84	131	119
60	84	112
168	199	189
90	117	99
14	30	16
245	241	206
51	85	89
201	206	180
150	201	180
85	132	121
201	150	156
201	156	162
201	230	206
121	132	162
31	13	16
194	230	201
56	51	89
144	163	136
230	245	206
38	51	56
30	52	31
258	232	236
232	198	236
236	198	205
163	205	178
31	16	30
144	99	117
90	99	76
38	21	18
156	121	162
85	111	89
111	121	124
16	2	14
2	5	14
144	136	99
2	9	5
13	2	16
9	12	5
111	85	121
9	21	12
21	9	18
76	52	90
178	136	163
124	156	150
121	156	124
15	4	11
15	3	4
454	442	468
492	454	468
15	11	37
492	468	490
71	15	37
71	37	60
492	490	496
500	492	496
502	492	500
71	60	112
128	71	112
128	112	145
187	128	145
187	145	168
187	168	189
224	187	189
224	189	229
224	229	261
289	224	261
289	261	306
289	306	358
383	289	358
383	358	384
383	384	416
454	383	416
454	416	442
240	184	239
170	184	240
266	210	233
184	210	239
155	184	170
155	170	153
210	195	233
155	195	210
113	116	153
155	152	195
129	155	153
155	210	184
153	116	129
129	105	152
152	155	129
41	57	81
23	28	3
240	274	169
116	88	129
105	129	88
266	265	239
239	210	266
116	113	81
116	81	88
153	170	113
57	105	88
88	81	57
57	67	105
40	67	57
41	40	57
28	40	41
23	40	28
240	169	170
223	191	283
107	142	96
223	216	183
142	120	96
82	64	44
120	142	148
96	53	64
107	139	142
148	169	274
148	142	169
44	36	50
68	82	44
36	25	7
113	107	82
68	44	50
139	113	170
7	1	20
95	113	82
113	139	107
43	53	34
95	81	113
81	95	68
20	42	50
107	96	64
44	25	36
42	20	29
68	41	81
10	3	29
64	82	107
120	80	96
135	91	120
135	191	223
223	183	135
148	191	135
139	170	169
148	270	191
191	270	309
142	139	169
274	270	148
7	20	36
24	5	6
20	50	36
33	5	24
82	68	95
42	68	50
41	68	42
10	20	1
28	42	29
28	41	42
29	20	10
29	3	28
10	4	3
6	34	24
55	91	78
48	33	24
78	91	110
4	10	1
91	135	110
91	55	120
25	43	34
183	110	135
80	120	55
7	6	8
34	6	7
34	48	24
55	48	34
55	78	48
55	34	53
96	80	53
148	135	120
25	34	7
43	25	44
53	80	55
64	43	44
53	43	64
165	188	200
48	86	33
97	126	137
214	248	257
214	218	248
200	235	205
79	97	90
165	137	151
5	22	14
46	63	54
63	74	54
137	126	151
63	22	33
94	74	63
94	125	74
126	174	185
14	22	46
118	204	174
185	211	218
174	211	185
78	86	48
205	235	236
74	125	97
97	125	126
22	63	46
86	104	118
211	248	218
86	78	104
118	104	204
151	185	188
52	72	90
211	246	248
117	137	144
54	72	52
200	242	235
248	246	267
78	110	104
236	235	258
90	97	117
174	204	211
151	126	185
33	22	5
30	54	52
104	181	204
97	137	117
72	79	90
137	165	144
125	174	126
188	214	200
110	149	104
144	165	163
149	181	104
204	246	211
30	14	54
214	242	200
14	46	54
94	118	125
247	246	204
54	79	72
110	183	149
118	174	125
181	225	204
185	214	188
225	247	204
63	86	94
235	242	276
149	216	181
214	257	242
163	200	205
94	86	118
183	216	149
33	86	63
185	218	214
181	216	225
165	200	163
225	255	247
54	74	79
151	188	165
74	97	79
77	103	87
272	230	194
31	52	76
194	201	162
178	205	198
51	38	18
466	450	31
356	31	322
322	31	303
303	31	263
450	412	31
263	31	232
31	375	340
232	31	198
198	31	178
178	31	136
31	412	375
493	31	476
136	31	99
99	31	76
13	31	2
2	31	9
18	31	51
51	31	85
85	31	132
9	31	18
476	31	434
132	31	162
162	31	194
31	272	194
493	486	31
434	31	388
388	31	356
31	340	272
486	466	31
419	392	233
233	392	360
152	233	195
67	233	152
15	233	3
71	233	15
128	233	71
187	233	128
224	233	187
289	233	224
3	233	23
23	233	67
492	502	454
23	67	40
454	502	383
289	502	233
383	502	289
233	319	266
502	481	233
233	360	319
458	419	481
481	419	233
67	152	105
382	375	412
375	382	340
382	355	340
340	290	272
499	486	493
501	486	499
427	437	439
439	437	445
423	406	400
276	318	333
469	471	443
294	326	334
366	378	364
429	469	443
246	294	267
338	406	326
312	364	318
338	400	406
312	366	364
235	276	258
469	482	471
247	294	246
343	400	338
247	326	294
409	387	357
300	338	326
285	318	276
373	402	366
409	418	432
418	456	432
431	429	373
460	474	456
300	326	247
431	469	429
279	338	300
255	300	247
480	474	460
333	364	357
333	357	311
334	373	366
480	489	474
399	409	364
285	312	318
255	279	300
471	480	460
431	451	469
373	406	431
225	279	255
257	285	276
334	366	312
284	312	285
279	225	216
409	432	387
357	364	409
460	456	418
399	418	409
257	284	285
257	276	242
418	443	460
333	318	364
402	443	418
482	480	471
480	482	489
406	451	431
443	402	429
378	399	364
276	311	258
378	366	402
402	373	429
443	471	460
312	284	267
402	418	399
267	334	312
248	284	257
326	373	334
378	402	399
294	334	267
267	284	248
276	333	311
326	406	373
479	487	491
500	491	487
475	455	473
487	502	500
389	441	423
441	430	455
389	430	441
475	473	484
343	283	389
389	283	365
497	491	496
455	446	473
433	446	455
496	491	500
374	410	386
423	400	389
489	482	498
433	410	407
400	343	389
407	446	433
475	484	494
462	465	483
283	191	309
407	396	446
446	396	426
430	417	455
342	331	270
477	482	469
469	451	477
386	410	417
279	283	338
482	477	498
396	407	374
451	423	441
462	484	473
396	374	342
283	279	223
465	435	457
396	381	426
483	491	497
483	479	491
457	435	464
464	435	413
457	479	465
494	498	475
477	475	498
462	446	448
451	441	477
457	464	479
464	487	479
494	484	497
484	483	497
365	386	430
283	343	338
374	407	410
423	451	406
462	448	465
283	309	365
477	455	475
386	365	331
448	435	465
223	279	216
374	386	331
462	483	484
477	441	455
270	331	309
374	331	342
426	448	446
435	426	413
426	435	448
413	426	381
479	483	465
389	365	430
430	386	417
473	446	462
433	455	410
410	455	417
365	309	331
317	310	265
310	348	344
319	265	266
348	381	344
396	344	381
310	317	348
377	381	348
265	319	317
377	413	381
317	319	348
392	377	360
348	319	360
377	348	360
422	392	419
502	487	481
313	274	239
396	342	344
377	422	413
392	422	377
313	310	344
422	464	413
458	464	422
419	458	422
458	481	464
487	464	481
313	342	270
274	313	270
240	239	274
239	265	313
313	344	342
313	265	310
438	445	453
264	306	261
414	447	442
347	376	361
330	358	315
414	442	416
330	347	361
264	301	315
438	463	428
358	361	384
384	414	416
490	478	496
301	330	315
278	301	264
278	264	237
468	463	490
315	358	306
490	453	478
376	384	361
398	414	376
428	447	415
398	415	414
463	468	447
463	447	428
463	453	490
415	447	414
414	384	376
264	315	306
330	361	358
447	468	442
463	438	453
292	249	286
286	321	292
393	369	403
351	379	405
292	256	249
324	299	332
371	349	390
421	436	461
241	295	254
320	324	362
288	320	327
401	421	444
404	420	452
354	351	405
404	390	420
380	421	401
424	404	452
282	288	327
401	444	449
354	405	380
346	351	354
470	467	494
420	393	440
452	440	470
320	362	369
327	349	314
404	371	390
498	495	489
314	282	327
488	495	498
339	349	371
488	498	485
449	467	470
353	371	404
437	459	478
459	470	497
362	380	401
339	314	349
293	299	324
282	250	288
478	497	496
427	424	459
252	254	299
403	401	449
332	346	354
459	497	478
494	485	498
467	472	488
467	488	485
327	320	369
390	393	420
470	494	497
440	449	470
253	250	282
362	354	380
369	401	403
252	299	293
461	472	444
299	346	332
385	353	404
299	295	346
293	324	320
459	452	470
286	282	314
421	405	436
362	401	369
467	444	472
411	404	424
353	339	371
390	369	393
420	440	452
251	252	293
368	353	385
385	404	411
324	354	362
349	369	390
288	293	320
411	424	427
445	478	453
339	286	314
254	295	299
324	332	354
321	286	339
380	405	421
437	478	445
403	449	440
321	339	353
444	421	461
424	452	459
282	249	253
250	293	288
427	459	437
349	327	369
449	444	467
467	485	494
393	403	440
368	321	353
249	282	286
251	293	250
489	495	493
355	379	351
308	351	346
351	328	355
450	405	412
351	308	328
434	388	387
434	387	432
241	245	295
434	432	456
493	474	489
476	434	456
476	456	474
472	461	466
290	328	308
405	450	436
245	290	295
379	382	405
328	340	355
405	382	412
275	290	245
486	495	488
290	340	328
275	272	290
486	488	472
499	493	495
501	499	495
472	466	486
486	501	495
382	379	355
245	230	275
272	275	230
356	357	388
263	232	258
263	258	311
303	263	311
295	290	308
322	303	311
388	357	387
322	311	357
356	322	357
466	461	450
436	450	461
476	474	493
308	346	295