0
franka_link0
V
-0.151714000000000	0.0187430000000000	0.00883600000000000
-0.151213000000000	-0.0245500000000000	0.00860000000000000
-0.150442000000000	0.0309260000000000	0.00815400000000000
-0.150347000000000	-0.0360410000000000	0
-0.150219000000000	0.0365980000000000	0
-0.146100000000000	0.0373450000000000	0.00750000000000000
-0.145564000000000	-0.0460710000000000	0.00857100000000000
-0.145157000000000	0.0488160000000000	0.00795700000000000
-0.142480000000000	-0.0393690000000000	0
-0.141668000000000	-0.0323060000000000	0.00750000000000000
-0.141668000000000	0.0476940000000000	0.00750000000000000
-0.140900000000000	-0.0367000000000000	0.00750000000000000
-0.140719000000000	0.0319210000000000	0.00898900000000000
-0.139390000000000	0.0356940000000000	0
-0.138983000000000	-0.0444160000000000	0
-0.138983000000000	0.0444160000000000	0
-0.138521000000000	-0.0484970000000000	0.00750000000000000
-0.137273000000000	0.0629970000000000	0.00779400000000000
-0.136610000000000	-0.0356940000000000	0
-0.135730000000000	0.0663550000000000	1.00000000000000e-06
-0.135505000000000	5.00000000000000e-05	0.0101700000000000
-0.135423000000000	-0.0652340000000000	0.00788300000000000
-0.133762000000000	-0.00929500000000000	0.0115530000000000
-0.133331000000000	0.0203220000000000	0.0103030000000000
-0.133107000000000	0.0662690000000000	0.00841600000000000
-0.132912000000000	-0.0681830000000000	1.00000000000000e-06
-0.132404000000000	0.0464290000000000	0.00750000000000000
-0.131619000000000	-0.0456520000000000	0.00750000000000000
-0.131326000000000	-0.0677880000000000	0.00778400000000000
-0.131040000000000	-0.0350730000000000	0.00948800000000000
-0.130770000000000	0.0355120000000000	0.00956500000000000
-0.129850000000000	-0.0424540000000000	0.00896400000000000
-0.129530000000000	0.0391580000000000	0.00950500000000000
-0.129399000000000	0.0153410000000000	0.0401510000000000
-0.126948000000000	-0.0260170000000000	0
-0.126618000000000	-0.0418760000000000	0.0112670000000000
-0.126454000000000	-0.0147450000000000	0.0515180000000000
-0.126344000000000	-0.0283130000000000	0.00370500000000000
-0.125890000000000	0.0303030000000000	0.00369700000000000
-0.125849000000000	0.00865400000000000	0.0547230000000000
-0.124491000000000	-0.0286460000000000	0.0499460000000000
-0.123663000000000	0.0454390000000000	0.0123250000000000
-0.122860000000000	0.0403910000000000	0.0411060000000000
-0.122282000000000	-0.00318600000000000	0.00363400000000000
-0.122136000000000	0.00539000000000000	0.00313200000000000
-0.121206000000000	-0.0432750000000000	0
-0.120878000000000	0.0343240000000000	0.0554230000000000
-0.120179000000000	0.0445380000000000	0
-0.120140000000000	-0.0293900000000000	0.0596230000000000
-0.119792000000000	-0.0509890000000000	0.00920200000000000
-0.119525000000000	-0.00419100000000000	0.0646420000000000
-0.119149000000000	0.0220190000000000	0.0632110000000000
-0.118585000000000	0.0456290000000000	0.00357000000000000
-0.118281000000000	-0.0489470000000000	0.0123800000000000
-0.118161000000000	-0.0458640000000000	0.00356200000000000
-0.117385000000000	-0.0483550000000000	0.0414450000000000
-0.117095000000000	0.0496940000000000	0.0112550000000000
-0.116801000000000	0.00280100000000000	0.00303900000000000
-0.114836000000000	0.0451040000000000	0.0568500000000000
-0.114343000000000	0.0492750000000000	0.0491990000000000
-0.113905000000000	-0.0308940000000000	0.0660400000000000
-0.113512000000000	0.0356980000000000	0.0647560000000000
-0.112905000000000	0.0147900000000000	0.00347100000000000
-0.112291000000000	0.0418940000000000	0.0626990000000000
-0.111817000000000	-0.0629020000000000	0
-0.111731000000000	-0.0497740000000000	0.0540860000000000
-0.111155000000000	-0.0622200000000000	0.00884200000000000
-0.110125000000000	-0.0458350000000000	0.0616210000000000
-0.110062000000000	0.00182900000000000	0.00292100000000000
-0.108466000000000	-0.0138460000000000	0.00339300000000000
-0.107244000000000	-0.00893600000000000	0.00287200000000000
-0.106962000000000	0.0503910000000000	0.0590720000000000
-0.106876000000000	0.00823900000000000	0.00286500000000000
-0.106320000000000	-0.00444400000000000	0.00285600000000000
-0.105987000000000	-0.0508890000000000	0.0588960000000000
-0.100585000000000	-0.0117780000000000	0.00325600000000000
-0.0990630000000000	0.0124250000000000	0.00272900000000000
-0.0943050000000000	-0.00418500000000000	0.00314600000000000
-0.0906480000000000	-0.0684570000000000	0
-0.0903840000000000	0.0651430000000000	0.00903100000000000
-0.0900270000000000	0.0692440000000000	0
-0.0893840000000000	-0.0696860000000000	0.00897000000000000
-0.0891720000000000	-0.0642130000000000	0
-0.0872470000000000	-0.0537530000000000	0.0447070000000000
-0.0871030000000000	-0.0542820000000000	0.0515440000000000
-0.0868280000000000	0.0642130000000000	0
-0.0856170000000000	-0.0651430000000000	0.00908400000000000
-0.0854160000000000	0.0654290000000000	0.00908200000000000
-0.0851220000000000	0.00684500000000000	0.00248600000000000
-0.0843090000000000	-0.0545830000000000	0.0489030000000000
-0.0839190000000000	0.0542910000000000	0.0338460000000000
-0.0828410000000000	-0.00765100000000000	0.00244600000000000
-0.0823680000000000	0.0545430000000000	0.0385910000000000
-0.0811260000000000	0.0121870000000000	0.00291600000000000
-0.0808100000000000	-0.0551500000000000	0.0505050000000000
-0.0801010000000000	-0.0549100000000000	0.0454820000000000
-0.0798680000000000	0.0549480000000000	0.0369020000000000
-0.0795390000000000	0.00611400000000000	0.00288800000000000
-0.0774790000000000	-0.00250100000000000	0.00285200000000000
-0.0771070000000000	-0.0747440000000000	0.0464700000000000
-0.0770210000000000	-0.0100120000000000	0.00284400000000000
-0.0769680000000000	-0.0730440000000000	0.0519510000000000
-0.0752190000000000	0.0557010000000000	0.0333410000000000
-0.0750460000000000	-0.0622120000000000	0.0524770000000000
-0.0749110000000000	0.0557500000000000	0.0404090000000000
-0.0745640000000000	-0.0606690000000000	0.0430460000000000
-0.0737180000000000	-0.0547280000000000	0.0527040000000000
-0.0735870000000000	-0.0529260000000000	0.0461430000000000
-0.0729490000000000	-0.0652870000000000	0.0397760000000000
-0.0726500000000000	0.00611400000000000	0.00276800000000000
-0.0726500000000000	0.0129260000000000	0.00276800000000000
-0.0725780000000000	-0.00148200000000000	0.00226700000000000
-0.0725440000000000	-0.0665680000000000	0.0539110000000000
-0.0724080000000000	-0.0659320000000000	0.0468450000000000
-0.0712830000000000	0.0558380000000000	0.0406180000000000
-0.0709410000000000	-0.0508220000000000	0.0481860000000000
-0.0704550000000000	-0.0656910000000000	0.0581010000000000
-0.0700120000000000	0.0560370000000000	0.0434220000000000
-0.0693590000000000	-0.0670840000000000	0.0417850000000000
-0.0690270000000000	-0.0743300000000000	0.0367950000000000
-0.0689900000000000	-0.00738600000000000	0.00220400000000000
-0.0673510000000000	0.0567640000000000	0.0452370000000000
-0.0673290000000000	0.0564770000000000	0.0463670000000000
-0.0673190000000000	0.0567780000000000	0.0288000000000000
-0.0673190000000000	0.0567780000000000	0.0452000000000000
-0.0672890000000000	-0.0557690000000000	0.0372060000000000
-0.0672690000000000	0.0567150000000000	0.0287990000000000
-0.0667490000000000	-0.0540330000000000	0.0581690000000000
-0.0666200000000000	0.0568910000000000	0.0358320000000000
-0.0666200000000000	0.0568910000000000	0.0388030000000000
-0.0664240000000000	0.0569220000000000	0.0358320000000000
-0.0664240000000000	0.0569220000000000	0.0381180000000000
-0.0663430000000000	-0.0764870000000000	0.0582160000000000
-0.0661810000000000	0.0569620000000000	0.0351970000000000
-0.0661300000000000	-0.0516010000000000	0.0403710000000000
-0.0661190000000000	0.0569720000000000	0.0333420000000000
-0.0661190000000000	0.0569720000000000	0.0388030000000000
-0.0661190000000000	0.0569720000000000	0.0407080000000000
-0.0656410000000000	0.00966800000000000	0.00214600000000000
-0.0654180000000000	-0.00689700000000000	0.00214200000000000
-0.0649750000000000	0.0568660000000000	0.0260920000000000
-0.0647920000000000	-0.0232590000000000	0.104957000000000
-0.0645490000000000	0.00188300000000000	0.00262700000000000
-0.0643720000000000	0.0569510000000000	0.0481630000000000
-0.0643280000000000	-0.0672400000000000	0.0554620000000000
-0.0642580000000000	-0.0656820000000000	0.0364760000000000
-0.0642290000000000	0.0579870000000000	0.0257080000000000
-0.0637890000000000	-0.0545130000000000	0.0371870000000000
-0.0634750000000000	-0.0606860000000000	0.0589000000000000
-0.0633610000000000	0.0574190000000000	0.0318180000000000
-0.0633610000000000	0.0574190000000000	0.0333420000000000
-0.0633470000000000	0.0574210000000000	0.0273000000000000
-0.0633240000000000	-0.0584720000000000	0.0587000000000000
-0.0633180000000000	0.0572440000000000	0.0288560000000000
-0.0631340000000000	0.00936900000000000	0.110183000000000
-0.0631180000000000	-0.0641440000000000	0.0365140000000000
-0.0622320000000000	0.0576010000000000	0.0288210000000000
-0.0622320000000000	0.0576010000000000	0.0318180000000000
-0.0620290000000000	0.0129680000000000	0.00258400000000000
-0.0619130000000000	-0.0522840000000000	0.0554900000000000
-0.0618130000000000	-0.0670900000000000	0.0590830000000000
-0.0613580000000000	0.0574420000000000	0.0487800000000000
-0.0603920000000000	-0.0166690000000000	0.111805000000000
-0.0603600000000000	-0.0568920000000000	0.0589620000000000
-0.0602100000000000	0.0296920000000000	0.105817000000000
-0.0594180000000000	-0.0100120000000000	0.00253700000000000
-0.0588720000000000	-0.0681240000000000	0.0424090000000000
-0.0588710000000000	0.00611400000000000	0.00252700000000000
-0.0588370000000000	-0.00216300000000000	0.117363000000000
-0.0588090000000000	-0.0759850000000000	0.0392910000000000
-0.0584570000000000	0.0579120000000000	0.0252200000000000
-0.0578450000000000	0.0583120000000000	0.0288210000000000
-0.0578450000000000	0.0583120000000000	0.0318180000000000
-0.0573590000000000	0.0238910000000000	0.112711000000000
-0.0570330000000000	-0.0690800000000000	0.0527960000000000
-0.0567300000000000	0.0584920000000000	0.0273000000000000
-0.0567160000000000	0.0584950000000000	0.0318180000000000
-0.0567160000000000	0.0584950000000000	0.0333420000000000
-0.0567020000000000	0.0583160000000000	0.0288560000000000
-0.0562410000000000	-0.00258600000000000	0.00198200000000000
-0.0561640000000000	-0.0652700000000000	0.0401330000000000
-0.0560680000000000	0.0592170000000000	0.0734680000000000
-0.0560640000000000	-0.0592130000000000	0.0734680000000000
-0.0559960000000000	-0.0395770000000000	0.101845000000000
-0.0559270000000000	0.0593320000000000	0.0257750000000000
-0.0558740000000000	0.0583650000000000	0.0481800000000000
-0.0558640000000000	0.0129260000000000	0.00247500000000000
-0.0557030000000000	-0.0764880000000000	0.0523470000000000
-0.0549730000000000	-0.0559410000000000	0.0408860000000000
-0.0549050000000000	-0.00329900000000000	0.140000000000000
-0.0545050000000000	-0.0534840000000000	0.0496880000000000
-0.0544940000000000	-0.0560180000000000	0.0544890000000000
-0.0539580000000000	0.0589410000000000	0.0333420000000000
-0.0539580000000000	0.0589410000000000	0.0388030000000000
-0.0539580000000000	0.0589410000000000	0.0407080000000000
-0.0538960000000000	0.0589520000000000	0.0352470000000000
-0.0537800000000000	-0.0656560000000000	0.0517150000000000
-0.0536530000000000	0.0589910000000000	0.0358320000000000
-0.0536530000000000	0.0589910000000000	0.0381180000000000
-0.0534570000000000	0.0590230000000000	0.0352470000000000
-0.0534570000000000	0.0590230000000000	0.0381180000000000
-0.0530550000000000	0.0227950000000000	0.123231000000000
-0.0528450000000000	0.0433090000000000	0.100455000000000
-0.0527920000000000	0.0590580000000000	0.0287980000000000
-0.0527580000000000	0.0591360000000000	0.0288000000000000
-0.0527580000000000	0.0591360000000000	0.0452000000000000
-0.0527270000000000	0.0591330000000000	0.0452390000000000
-0.0526510000000000	0.0588540000000000	0.0276360000000000
-0.0522880000000000	-0.0581990000000000	0.0451130000000000
-0.0506070000000000	0.0601930000000000	0.0441300000000000
-0.0501920000000000	-0.0100120000000000	0.00237600000000000
-0.0501920000000000	0.00188300000000000	0.00237600000000000
-0.0496770000000000	0.0236140000000000	0.140000000000000
-0.0494780000000000	0.0593610000000000	0.0424730000000000
-0.0494760000000000	-0.0240540000000000	0.140000000000000
-0.0488620000000000	0.0594950000000000	0.0331430000000000
-0.0483170000000000	0.0605640000000000	0.0360680000000000
-0.0482880000000000	0.0595600000000000	0.0359160000000000
-0.0454440000000000	0.0399810000000000	0.114908000000000
-0.0444430000000000	-0.0396960000000000	0.117664000000000
-0.0443990000000000	0.0611990000000000	0.0403040000000000
-0.0442670000000000	-0.0612200000000000	0.0364660000000000
-0.0442670000000000	-0.0612200000000000	0.0664660000000000
-0.0442300000000000	-0.0607200000000000	0.0296030000000000
-0.0441740000000000	-0.0607290000000000	0.0595470000000000
-0.0426820000000000	0.0613250000000000	0.0355390000000000
-0.0420200000000000	0.0498210000000000	0.100589000000000
-0.0413680000000000	-0.0615380000000000	0.0339030000000000
-0.0413680000000000	-0.0615380000000000	0.0623270000000000
-0.0400620000000000	0.0613950000000000	0.0345000000000000
-0.0398080000000000	-0.0528740000000000	0.0957180000000000
-0.0392150000000000	-0.0100120000000000	0.00218400000000000
-0.0392150000000000	0.00188300000000000	0.00218400000000000
-0.0391210000000000	-0.0386870000000000	0.140000000000000
-0.0382270000000000	0.0620460000000000	0.0378930000000000
-0.0376270000000000	-0.0617890000000000	0.0304410000000000
-0.0375430000000000	-0.0621580000000000	0.0344900000000000
-0.0374510000000000	-0.0618180000000000	0.0621660000000000
-0.0372090000000000	-0.0618570000000000	0.0653810000000000
-0.0368400000000000	0.0408620000000000	0.140000000000000
-0.0356110000000000	-0.0492360000000000	0.109978000000000
-0.0354260000000000	0.0621460000000000	0.0335910000000000
-0.0323190000000000	-0.0651430000000000	0.0601840000000000
-0.0323000000000000	-0.0650440000000000	0.0361850000000000
-0.0322390000000000	-0.00281800000000000	0.00156300000000000
-0.0320380000000000	0.0633310000000000	0.0340450000000000
-0.0320250000000000	-0.0633440000000000	0.0598150000000000
-0.0317600000000000	-0.0745550000000000	0.0634970000000000
-0.0313700000000000	-0.0717170000000000	0.0302530000000000
-0.0312090000000000	0.0746540000000000	0.0343500000000000
-0.0310290000000000	0.0715200000000000	0.0336900000000000
-0.0310290000000000	0.0715200000000000	0.0403100000000000
-0.0309220000000000	0.0652670000000000	0.0426220000000000
-0.0308760000000000	-0.0652740000000000	0.0686930000000000
-0.0308630000000000	-0.0717990000000000	0.0666740000000000
-0.0307710000000000	-0.0708010000000000	0.0365870000000000
-0.0304630000000000	-0.0635910000000000	0.0271860000000000
-0.0303990000000000	0.0636020000000000	0.0428640000000000
-0.0300330000000000	-0.0748380000000000	0.0374320000000000
-0.0297890000000000	-0.0607150000000000	0.0674120000000000
-0.0293730000000000	-0.0580860000000000	0.0584880000000000
-0.0293130000000000	0.0626290000000000	0.0397330000000000
-0.0293090000000000	-0.0577540000000000	0.0674130000000000
-0.0292910000000000	-0.0663810000000000	0.0313760000000000
-0.0292590000000000	-0.0100120000000000	0.00201100000000000
-0.0292400000000000	-0.0573210000000000	0.0285070000000000
-0.0289740000000000	-0.0558040000000000	0.0369120000000000
-0.0289720000000000	-0.0664330000000000	0.0610730000000000
-0.0288250000000000	-0.0759740000000000	0.0339910000000000
-0.0286660000000000	-0.0647600000000000	0.0390640000000000
-0.0284810000000000	-0.0749280000000000	0.0636800000000000
-0.0284650000000000	0.0754290000000000	0.0358380000000000
-0.0284010000000000	0.0665250000000000	0.0401720000000000
-0.0284000000000000	-0.0751040000000000	0.0573110000000000
-0.0283020000000000	0.0678960000000000	0.0365790000000000
-0.0282730000000000	0.0678980000000000	0.0365310000000000
-0.0282080000000000	0.0754710000000000	0.0359430000000000
-0.0281760000000000	-0.0605660000000000	0.0268290000000000
-0.0280840000000000	-0.0608020000000000	0.0354920000000000
-0.0280760000000000	-0.0599350000000000	0.0568220000000000
-0.0280300000000000	0.0755000000000000	0.0359040000000000
-0.0280180000000000	-0.0751670000000000	0.0688780000000000
-0.0279930000000000	-0.0676160000000000	0.0641940000000000
-0.0279060000000000	-0.0676300000000000	0.0615530000000000
-0.0278950000000000	-0.0672150000000000	0.0314990000000000
-0.0278950000000000	0.0755220000000000	0.0359040000000000
-0.0278590000000000	-0.0613470000000000	0.0395060000000000
-0.0278430000000000	-0.0761380000000000	0.0310260000000000
-0.0277630000000000	-0.0752000000000000	0.0270090000000000
-0.0277330000000000	0.0679610000000000	0.0389260000000000
-0.0277320000000000	-0.0741300000000000	0.0319450000000000
-0.0277170000000000	0.0679630000000000	0.0350430000000000
-0.0276870000000000	-0.0750450000000000	0.0632660000000000
-0.0276590000000000	0.0755600000000000	0.0358110000000000
-0.0276400000000000	-0.0750690000000000	0.0637960000000000
-0.0275770000000000	0.0712170000000000	0.0306840000000000
-0.0275400000000000	-0.0603840000000000	0.0617230000000000
-0.0274800000000000	-0.0676890000000000	0.0651200000000000
-0.0274260000000000	-0.0750910000000000	0.0618020000000000
-0.0274140000000000	-0.0676610000000000	0.0651730000000000
-0.0273970000000000	-0.0583810000000000	0.0632120000000000
-0.0273840000000000	-0.0753700000000000	0.0659730000000000
-0.0272040000000000	-0.0751280000000000	0.0610430000000000
-0.0271710000000000	0.0756390000000000	0.0394750000000000
-0.0271680000000000	0.0756410000000000	0.0400020000000000
-0.0270650000000000	-0.0671210000000000	0.0649880000000000
-0.0270640000000000	-0.0762630000000000	0.0321690000000000
-0.0269900000000000	-0.0667540000000000	0.0649800000000000
-0.0268700000000000	-0.0713310000000000	0.0263940000000000
-0.0268280000000000	-0.0678050000000000	0.0599910000000000
-0.0268140000000000	-0.0677120000000000	0.0591830000000000
-0.0266020000000000	0.0757310000000000	0.0394890000000000
-0.0265920000000000	0.0757330000000000	0.0400060000000000
-0.0265760000000000	-0.0724940000000000	0.0561560000000000
-0.0264990000000000	-0.0743300000000000	0.0351590000000000
-0.0264530000000000	0.0757550000000000	0.0397790000000000
-0.0264170000000000	-0.0565160000000000	0.0560570000000000
-0.0263560000000000	-0.0678470000000000	0.0662640000000000
-0.0263520000000000	-0.0603740000000000	0.0663330000000000
-0.0263360000000000	-0.0677440000000000	0.0660690000000000
-0.0263030000000000	-0.0752730000000000	0.0653940000000000
-0.0262550000000000	-0.0585660000000000	0.0598950000000000
-0.0262550000000000	-0.0585660000000000	0.0661050000000000
-0.0261990000000000	0.0682130000000000	0.0404930000000000
-0.0260420000000000	-0.0672930000000000	0.0659380000000000
-0.0260100000000000	-0.0715720000000000	0.0399150000000000
-0.0260080000000000	-0.0669340000000000	0.0659620000000000
-0.0259960000000000	0.0669150000000000	0.0319280000000000
-0.0258760000000000	-0.0679590000000000	0.0593640000000000
-0.0258460000000000	-0.0753600000000000	0.0630000000000000
-0.0258460000000000	0.0682670000000000	0.0333290000000000
-0.0258370000000000	0.0745380000000000	0.0393550000000000
-0.0256970000000000	-0.0753660000000000	0.0607230000000000
-0.0256310000000000	0.0652520000000000	0.0296270000000000
-0.0255660000000000	-0.0753910000000000	0.0634320000000000
-0.0255450000000000	-0.0754070000000000	0.0659180000000000
-0.0254490000000000	-0.0754020000000000	0.0597760000000000
-0.0254410000000000	0.00189200000000000	0.00194400000000000
-0.0254290000000000	0.0746040000000000	0.0363970000000000
-0.0253930000000000	0.0755890000000000	0.0434420000000000
-0.0252940000000000	-0.0661810000000000	0.0419350000000000
-0.0252860000000000	-0.0727030000000000	0.0700160000000000
-0.0252230000000000	-0.0754480000000000	0.0605540000000000
-0.0252110000000000	-0.0568240000000000	0.0705390000000000
-0.0250660000000000	0.0746630000000000	0.0339210000000000
-0.0250330000000000	-0.0754790000000000	0.0626990000000000
-0.0249550000000000	-0.0587760000000000	0.0588440000000000
-0.0249360000000000	-0.0745830000000000	0.0303730000000000
-0.0247940000000000	-0.0766440000000000	0.0356980000000000
-0.0247880000000000	-0.0671100000000000	0.0577280000000000
-0.0247550000000000	-0.0681400000000000	0.0669670000000000
-0.0246920000000000	-0.0567780000000000	0.0253100000000000
-0.0246630000000000	-0.0671310000000000	0.0682880000000000
-0.0246040000000000	0.0749400000000000	0.0359120000000000
-0.0245490000000000	-0.0592010000000000	0.0408240000000000
-0.0245480000000000	0.0760640000000000	0.0343740000000000
-0.0244850000000000	0.0685220000000000	0.0328690000000000
-0.0243710000000000	0.0749780000000000	0.0361380000000000
-0.0243520000000000	-0.0588740000000000	0.0674260000000000
-0.0243420000000000	0.0760970000000000	0.0340140000000000
-0.0242700000000000	0.0761090000000000	0.0345800000000000
-0.0242140000000000	0.0685590000000000	0.0411270000000000
-0.0242090000000000	-0.0614300000000000	0.0384450000000000
-0.0241570000000000	0.0750130000000000	0.0360300000000000
-0.0241360000000000	0.0685790000000000	0.0328780000000000
-0.0240610000000000	0.0685910000000000	0.0411310000000000
-0.0240220000000000	-0.0756410000000000	0.0655630000000000
-0.0239790000000000	-0.0747380000000000	0.0321610000000000
-0.0239240000000000	-0.0756720000000000	0.0610530000000000
-0.0238970000000000	0.0750550000000000	0.0362040000000000
-0.0238850000000000	0.0635080000000000	0.0435410000000000
-0.0238310000000000	-0.0614570000000000	0.0709980000000000
-0.0237550000000000	0.0761920000000000	0.0344700000000000
-0.0236790000000000	-0.0768100000000000	0.0313360000000000
-0.0235640000000000	0.0762010000000000	0.0401350000000000
-0.0235560000000000	0.0681360000000000	0.0321420000000000
-0.0235420000000000	-0.0683370000000000	0.0589020000000000
-0.0234430000000000	-0.0609460000000000	0.0583080000000000
-0.0233970000000000	-0.0757440000000000	0.0648980000000000
-0.0233720000000000	-0.0679480000000000	0.0368350000000000
-0.0233720000000000	-0.0590330000000000	0.0583230000000000
-0.0232590000000000	-0.0683830000000000	0.0591150000000000
-0.0232590000000000	-0.0683820000000000	0.0668850000000000
-0.0232050000000000	0.0762810000000000	0.0382240000000000
-0.0231400000000000	-0.0611980000000000	0.0677370000000000
-0.0230570000000000	-0.0758100000000000	0.0608290000000000
-0.0230560000000000	-0.0759620000000000	0.0389900000000000
-0.0230220000000000	0.0720550000000000	0.0437910000000000
-0.0229730000000000	-0.0674040000000000	0.0384140000000000
-0.0229670000000000	-0.0656830000000000	0.0552160000000000
-0.0228530000000000	-0.0758280000000000	0.0636290000000000
-0.0228160000000000	0.0760120000000000	0.0311240000000000
-0.0228060000000000	-0.0760110000000000	0.0571220000000000
-0.0226380000000000	-0.0684650000000000	0.0587570000000000
-0.0225370000000000	0.0750730000000000	0.0364630000000000
-0.0224590000000000	-0.0666380000000000	0.0240590000000000
-0.0224000000000000	0.0764120000000000	0.0381880000000000
-0.0223620000000000	-0.0566970000000000	0.0554190000000000
-0.0223520000000000	-0.0566940000000000	0.0405710000000000
-0.0223490000000000	-0.0657830000000000	0.0706870000000000
-0.0222370000000000	-0.0759380000000000	0.0630830000000000
-0.0222070000000000	-0.0594410000000000	0.0549820000000000
-0.0220900000000000	0.0729680000000000	0.0305850000000000
-0.0220800000000000	-0.0617750000000000	0.0384600000000000
-0.0219940000000000	-0.0567230000000000	0.0388620000000000
-0.0219830000000000	-0.0761440000000000	0.0684270000000000
-0.0219810000000000	0.0649650000000000	0.0458400000000000
-0.0218910000000000	-0.0764320000000000	0.0643950000000000
-0.0218910000000000	-0.0686160000000000	0.0662320000000000
-0.0218650000000000	-0.0686110000000000	0.0597840000000000
-0.0217100000000000	-0.0593020000000000	0.0676010000000000
-0.0216310000000000	-0.0505870000000000	0.140000000000000
-0.0215500000000000	0.0689940000000000	0.0400120000000000
-0.0215030000000000	0.0676420000000000	0.0417670000000000
-0.0212850000000000	-0.0568380000000000	0.0384450000000000
-0.0212230000000000	0.0690210000000000	0.0344500000000000
-0.0210950000000000	-0.0762520000000000	0.0282190000000000
-0.0210610000000000	-0.0604240000000000	0.0252000000000000
-0.0210050000000000	0.0677220000000000	0.0325450000000000
-0.0208290000000000	-0.0687760000000000	0.0650590000000000
-0.0207400000000000	-0.0619920000000000	0.0279510000000000
-0.0206460000000000	-0.0688060000000000	0.0612880000000000
-0.0204450000000000	-0.0625440000000000	0.0254590000000000
-0.0203510000000000	-0.0684370000000000	0.0316220000000000
-0.0203090000000000	-0.0688610000000000	0.0635880000000000
-0.0202870000000000	-0.0100120000000000	0.00185400000000000
-0.0202010000000000	0.0692400000000000	0.0370610000000000
-0.0201930000000000	0.0692170000000000	0.0367900000000000
-0.0200130000000000	-0.0619070000000000	0.0665280000000000
-0.0199800000000000	-0.0583450000000000	0.0695330000000000
-0.0198400000000000	-0.0596050000000000	0.0593120000000000
-0.0198360000000000	-0.0679120000000000	0.0294520000000000
-0.0196160000000000	0.0765320000000000	0.0396500000000000
-0.0196140000000000	0.0642000000000000	0.0317550000000000
-0.0195820000000000	-0.0736270000000000	0.0374230000000000
-0.0195820000000000	-0.0736270000000000	0.0585760000000000
-0.0193930000000000	-0.0765660000000000	0.0350810000000000
-0.0193930000000000	-0.0765660000000000	0.0650810000000000
-0.0193200000000000	-0.0683870000000000	0.0621960000000000
-0.0192360000000000	-0.0597030000000000	0.0661020000000000
-0.0192240000000000	-0.0659860000000000	0.0598150000000000
-0.0190080000000000	0.0734670000000000	0.0406800000000000
-0.0188680000000000	0.0680690000000000	0.0356310000000000
-0.0187440000000000	-0.0597820000000000	0.0605840000000000
-0.0186640000000000	-0.0837320000000000	0.00750000000000000
-0.0186640000000000	0.0762680000000000	0.00750000000000000
-0.0186340000000000	-0.0616240000000000	0.0614230000000000
-0.0185150000000000	-0.0737990000000000	0.0303550000000000
-0.0185150000000000	-0.0737990000000000	0.0656450000000000
-0.0183850000000000	-0.0598410000000000	0.0646580000000000
-0.0182410000000000	-0.0754910000000000	0.00968100000000000
-0.0181130000000000	0.0847030000000000	0.00750000000000000
-0.0180880000000000	-0.0598890000000000	0.0630000000000000
-0.0179900000000000	0.0736320000000000	0.0364730000000000
-0.0179790000000000	-0.0615720000000000	0.0392000000000000
-0.0177640000000000	-0.0629780000000000	0.0688120000000000
-0.0170350000000000	-0.0656690000000000	0.0270570000000000
-0.0170060000000000	-0.0630850000000000	0.0379360000000000
-0.0169940000000000	-0.0580380000000000	0.0388350000000000
-0.0167400000000000	0.0658200000000000	0.0312410000000000
-0.0167370000000000	0.0658200000000000	0.0427560000000000
-0.0166130000000000	-0.0631690000000000	0.0586300000000000
-0.0165790000000000	-0.0628500000000000	0.0285450000000000
-0.0163990000000000	0.0525050000000000	0.140000000000000
-0.0162620000000000	-0.0610140000000000	0.0673970000000000
-0.0162070000000000	-0.0606400000000000	0.0585660000000000
-0.0158600000000000	-0.0585280000000000	0.0286490000000000
-0.0157770000000000	-0.0579420000000000	0.0590970000000000
-0.0155660000000000	-0.0677570000000000	0.0298610000000000
-0.0155620000000000	-0.0678420000000000	0.0600570000000000
-0.0155350000000000	0.0677670000000000	0.0399990000000000
-0.0153940000000000	0.00188300000000000	0.00176900000000000
-0.0152570000000000	-0.0660510000000000	0.0659840000000000
-0.0152560000000000	-0.0660490000000000	0.0359540000000000
-0.0149130000000000	-0.0819970000000000	0.00750000000000000
-0.0141760000000000	-0.0832220000000000	0
-0.0141760000000000	0.0832220000000000	0
-0.0132290000000000	0.0762150000000000	0.00750000000000000
-0.0131630000000000	-0.0760270000000000	0
-0.0131630000000000	0.0760270000000000	0
-0.0116860000000000	-0.0884870000000000	0.00954900000000000
-0.0116860000000000	0.0715130000000000	0.00981800000000000
-0.0110610000000000	-0.0660410000000000	0
-0.0103140000000000	-0.0715130000000000	0.00983400000000000
-0.0103140000000000	0.0884870000000000	0.00956500000000000
-0.00868500000000000	0.0555010000000000	0.106678000000000
-0.00800500000000000	0.0638430000000000	0.00164000000000000
-0.00753800000000000	-0.0770880000000000	0
-0.00753800000000000	0.0770880000000000	0
-0.00678200000000000	-0.0787720000000000	0.00750000000000000
-0.00662600000000000	0.0804140000000000	0.00750000000000000
-0.00635900000000000	-0.0608240000000000	0.00161100000000000
-0.00375900000000000	-0.0845090000000000	0.00970200000000000
-0.00250400000000000	-0.0805610000000000	0.00750000000000000
-0.00250400000000000	0.0794380000000000	0.00750000000000000
-0.00131000000000000	-0.0549880000000000	0.139999000000000
-0.00121900000000000	0.0549860000000000	0.140000000000000
-0.000136000000000000	0.0611210000000000	0.0939470000000000
-3.10000000000000e-05	-0.0601930000000000	0.0953450000000000
0	0.0677860000000000	0.0873670000000000
0	0.0720740000000000	0.00994900000000000
0	0.0932090000000000	0.00926700000000000
0	0.0945620000000000	0.000100000000000000
1.00000000000000e-06	-0.0683800000000000	0.0864010000000000
6.00000000000000e-06	-0.0945760000000000	0.000100000000000000
0.00185400000000000	-0.0931820000000000	0.00916200000000000
0.00337100000000000	-0.0556260000000000	0.106834000000000
0.00397700000000000	-0.0690350000000000	0.0842990000000000
0.00532000000000000	-0.0731320000000000	0.0822370000000000
0.00571100000000000	0.0731570000000000	0.0822290000000000
0.00654600000000000	-0.0916550000000000	0.00897100000000000
0.00698500000000000	0.0695210000000000	0.0846730000000000
0.00718100000000000	0.0925070000000000	0.000225000000000000
0.00739200000000000	0.0905280000000000	0.00950400000000000
0.00814100000000000	-0.0690920000000000	0.0855540000000000
0.00815100000000000	0.0553860000000000	0.105304000000000
0.00950400000000000	-0.0541960000000000	0.140000000000000
0.00994000000000000	-0.0734920000000000	0.0776760000000000
0.0100960000000000	-0.0901860000000000	0.000276000000000000
0.0102420000000000	0.0735440000000000	0.0764540000000000
0.0110910000000000	0.0698060000000000	0.0828820000000000
0.0122030000000000	-0.0743930000000000	0.0100450000000000
0.0122060000000000	0.0743950000000000	0.0100440000000000
0.0126530000000000	-0.0703180000000000	0.0794050000000000
0.0133410000000000	0.0704030000000000	0.0772080000000000
0.0170280000000000	-0.0623830000000000	0.0860290000000000
0.0174870000000000	0.0592680000000000	0.0903840000000000
0.0176280000000000	0.0752580000000000	0.0100970000000000
0.0184390000000000	-0.0750020000000000	0.0101170000000000
0.0198020000000000	0.0743980000000000	0.0101020000000000
0.0201430000000000	-0.0737590000000000	0.0104420000000000
0.0212370000000000	0.0719730000000000	0.0126710000000000
0.0213230000000000	-0.0717500000000000	0.0137330000000000
0.0216800000000000	0.0512400000000000	0.105911000000000
0.0219010000000000	-0.0524310000000000	0.0995320000000000
0.0231690000000000	-0.0718990000000000	0.000504000000000000
0.0231710000000000	0.0718950000000000	0.000505000000000000
0.0291430000000000	0.0466570000000000	0.140000000000000
0.0339530000000000	0.0447080000000000	0.0964130000000000
0.0352090000000000	0.0590520000000000	0.0181350000000000
0.0370170000000000	-0.0423330000000000	0.0936980000000000
0.0382340000000000	-0.0395530000000000	0.140000000000000
0.0428480000000000	0.0344780000000000	0.140000000000000
0.0433000000000000	-0.0438930000000000	0.0454550000000000
0.0455840000000000	0.0329770000000000	0.0930270000000000
0.0470700000000000	-0.0321550000000000	0.0819780000000000
0.0486810000000000	-0.0256200000000000	0.140000000000000
0.0509430000000000	0.0504140000000000	0.000989000000000000
0.0513770000000000	0.0196430000000000	0.140000000000000
0.0518870000000000	-0.0494400000000000	0.00100600000000000
0.0532290000000000	-0.0138610000000000	0.140000000000000
0.0532360000000000	-0.0158760000000000	0.108300000000000
0.0537240000000000	0.0162120000000000	0.0957310000000000
0.0549570000000000	0.0262640000000000	0.0467020000000000
0.0550040000000000	-0.000998000000000000	0.135001000000000
0.0562340000000000	-0.00223100000000000	0.0927210000000000
0.0594240000000000	-0.0259910000000000	0.0253560000000000
0.0596050000000000	0.0296710000000000	0.0180820000000000
0.0606990000000000	-0.0379820000000000	0.00115900000000000
0.0612640000000000	0.0132590000000000	0.0361330000000000
0.0629610000000000	-0.00702200000000000	0.0325990000000000
0.0649640000000000	0.0300600000000000	0.00123400000000000
0.0715440000000000	0.000329000000000000	0.00134900000000000
F
512	528	520
512	523	528
512	510	523
510	512	520
523	510	520
523	520	528
459	404	415
467	421	459
421	404	459
270	341	287
457	423	463
341	474	458
474	457	463
474	463	458
341	458	287
326	435	341
448	309	396
435	469	474
435	448	469
448	396	469
435	474	341
437	417	448
289	309	448
437	448	435
417	289	448
387	437	435
387	435	326
264	389	259
259	389	387
289	264	259
352	418	266
467	418	352
266	418	278
455	287	458
455	458	459
455	355	287
287	355	267
399	355	455
399	455	459
267	355	399
467	463	418
459	463	467
458	463	459
418	423	278
463	423	418
469	396	457
396	257	457
244	341	270
437	432	417
387	389	437
389	432	437
417	432	289
432	264	289
259	256	249
289	259	249
259	387	326
289	249	309
259	326	256
309	249	257
256	244	257
249	256	257
256	326	341
256	341	244
309	257	396
469	457	474
457	257	423
244	270	287
244	287	278
257	244	278
257	278	423
266	287	267
278	287	266
267	352	266
363	267	399
399	405	363
399	415	405
459	415	399
267	279	352
279	421	352
363	279	267
352	421	467
424	380	349
424	349	374
285	424	288
285	288	269
424	374	288
349	315	269
307	291	269
374	348	288
307	374	368
374	307	368
288	348	374
269	291	307
269	315	349
307	269	288
349	269	307
374	307	288
349	307	374
285	269	349
380	285	349
556	551	552
555	551	556
535	542	517
535	541	542
547	542	541
552	547	546
535	517	507
507	517	496
546	547	541
552	551	547
561	552	557
561	556	552
560	556	561
557	552	544
563	561	559
559	561	557
82	83	87
79	83	82
80	81	88
88	86	80
86	81	80
452	489	491
489	480	478
477	489	452
491	489	478
27	14	31
11	16	27
16	14	27
19	15	28
28	15	17
12	19	28
488	476	494
494	476	475
479	488	490
490	488	494
78	74	69
69	58	73
121	112	140
426	338	472
168	159	187
45	63	58
71	76	70
74	76	71
74	78	76
71	70	44
69	74	71
73	78	69
73	77	78
58	71	44
58	69	71
63	77	73
45	58	44
63	73	58
101	121	140
112	143	140
101	112	121
143	180	166
180	212	166
233	265	232
233	245	265
239	229	238
221	230	226
93	97	91
140	55	101
70	38	44
112	98	110
112	89	98
180	143	168
159	139	487
212	180	168
94	77	53
92	76	78
233	212	187
99	92	89
99	89	112
63	45	39
338	233	187
338	245	233
338	187	487
472	338	487
483	211	232
483	140	166
483	166	211
483	232	265
483	55	140
492	483	265
492	265	426
492	426	472
89	78	77
159	168	139
168	187	212
139	110	111
139	168	110
111	98	94
98	111	110
94	89	77
338	426	265
338	265	245
143	112	110
233	211	212
211	233	232
143	166	140
166	212	211
112	101	99
89	92	78
487	492	472
55	70	76
55	76	92
101	92	99
187	159	487
44	39	45
77	63	39
77	39	53
98	89	94
44	38	39
101	55	92
143	110	168
111	94	53
55	38	70
139	53	487
139	111	53
13	31	6
6	11	8
31	33	27
491	485	452
491	495	485
482	478	446
478	452	446
482	495	478
478	495	491
12	30	10
32	30	28
28	30	12
17	12	7
7	12	10
490	484	475
481	475	445
490	494	484
445	475	451
481	494	475
493	494	481
475	484	451
95	90	96
95	85	90
90	84	96
90	85	84
229	223	225
238	229	225
239	223	229
237	222	228
228	224	236
228	222	224
237	228	236
230	235	242
221	235	230
217	221	226
226	230	217
230	242	217
91	97	103
93	105	97
97	105	103
147	217	185
144	210	217
144	217	147
118	147	105
144	147	118
66	61	41
66	68	61
23	34	21
231	184	68
23	37	34
36	41	37
75	68	66
56	66	41
41	49	51
41	51	37
142	163	61
36	37	23
184	142	61
68	75	231
75	183	231
61	163	51
36	56	41
41	61	49
37	51	40
49	61	51
68	184	61
62	52	155
24	21	34
165	203	62
59	60	43
60	33	43
64	52	62
43	33	24
42	33	60
47	52	64
155	165	62
64	62	203
52	47	40
47	34	40
52	51	163
227	182	72
52	40	51
64	59	47
72	59	64
43	47	59
40	34	37
34	43	24
47	43	34
60	59	72
163	155	52
72	64	203
31	24	33
3	1	8
8	25	18
57	33	42
487	53	48
55	483	46
55	46	38
38	46	35
38	35	39
39	48	53
476	479	475
475	479	490
15	9	17
9	19	12
17	9	12
14	16	6
6	16	11
31	14	6
478	480	452
480	477	452
503	20	25
503	25	502
20	18	25
1	5	4
1	4	2
8	20	5
8	5	3
3	5	1
18	20	8
4	22	7
4	7	2
22	26	29
4	26	22
81	86	88
506	29	26
506	26	505
87	79	82
83	79	87
32	36	30
30	23	21
36	23	30
32	50	36
36	50	54
36	54	56
57	42	60
215	169	163
220	163	142
215	190	169
234	215	220
220	184	231
234	220	241
220	142	184
220	215	163
227	219	240
219	213	240
169	174	155
219	227	203
163	169	155
203	202	219
72	203	227
169	202	174
174	202	203
190	213	169
202	169	213
219	202	213
174	165	155
203	165	174
227	240	464
182	498	500
486	516	498
498	227	486
182	227	498
227	464	486
486	464	497
501	57	530
530	57	532
57	501	482
57	482	88
485	88	452
502	25	485
485	25	88
446	452	88
24	31	13
27	8	11
80	88	25
24	13	1
27	25	8
80	25	57
6	8	1
495	502	485
482	446	88
88	80	57
13	6	1
24	1	2
21	24	2
57	25	27
33	57	27
501	495	482
501	502	495
480	487	86
39	35	5
5	35	4
20	16	5
489	487	480
15	26	4
19	46	15
483	479	79
15	46	26
4	19	9
483	488	479
479	476	79
35	19	4
16	14	5
9	15	4
492	488	483
81	503	86
20	503	81
503	477	86
503	487	489
79	505	26
476	505	79
488	505	476
477	480	86
46	65	26
492	505	488
503	505	492
503	492	487
46	483	83
487	48	86
20	48	16
503	489	477
83	79	65
46	83	65
16	48	14
81	86	20
48	39	14
20	86	48
65	79	26
35	46	19
83	483	79
14	39	5
499	231	183
241	231	499
220	231	241
241	499	412
499	507	496
499	183	504
412	234	241
412	499	496
525	500	521
525	235	500
532	235	525
532	242	235
532	185	242
532	57	147
532	147	185
93	72	182
210	144	182
93	60	72
235	210	182
235	221	210
147	103	105
91	60	93
147	91	103
105	93	182
91	57	60
147	57	91
235	182	500
118	105	182
144	118	182
242	185	217
221	217	210
505	519	511
519	536	531
511	519	531
505	511	506
515	524	526
533	541	524
550	559	557
544	533	550
533	531	536
535	499	504
535	526	541
515	526	535
550	557	544
533	544	541
535	504	515
544	552	546
541	544	546
524	541	526
536	550	533
499	535	507
530	532	537
530	513	514
530	537	513
502	513	503
502	514	513
562	558	560
561	563	560
562	560	563
545	525	521
498	521	500
558	562	548
558	548	540
539	521	527
525	540	532
548	537	540
527	498	516
534	527	516
540	525	545
539	545	521
558	540	545
532	540	537
527	534	539
527	521	498
511	493	506
30	21	2
82	50	67
511	494	493
87	50	82
531	50	484
484	50	87
29	506	481
29	481	82
10	2	7
29	50	22
10	30	2
445	451	87
67	50	29
22	17	7
82	67	29
445	87	82
50	32	28
506	493	481
22	28	17
484	87	451
50	28	22
531	484	494
511	531	494
481	445	82
75	85	95
224	96	54
183	223	239
533	236	224
533	224	54
504	183	239
533	237	236
504	239	238
183	75	95
533	238	237
222	96	224
524	504	238
524	238	533
515	504	524
225	95	96
225	96	222
225	183	95
84	66	56
84	56	54
225	222	237
223	183	225
84	75	66
85	75	84
96	84	54
238	225	237
501	530	514
501	514	502
554	553	560
558	554	560
558	545	554
555	549	551
545	539	543
539	534	538
553	545	549
539	538	543
560	555	556
560	553	555
545	543	549
516	497	538
486	497	516
554	545	553
534	516	538
553	549	555
559	548	562
550	548	559
537	503	513
559	562	563
536	505	503
536	503	537
536	537	548
519	505	536
550	536	548
533	54	531
54	50	531
496	464	240
496	497	464
542	496	517
547	551	496
542	547	496
538	497	496
215	496	190
234	496	215
543	538	496
412	496	234
496	213	190
549	543	496
551	549	496
496	240	213
522	518	529
522	508	518
509	522	518
518	522	529
509	518	508
522	509	508
125	206	195
124	125	130
124	130	132
124	132	129
124	129	134
206	205	200
206	200	198
206	198	201
206	201	194
205	124	157
205	157	172
177	205	172
177	193	205
200	205	193
196	200	193
173	177	172
178	193	177
199	201	198
150	158	157
124	150	157
206	194	195
136	151	150
136	150	124
134	136	124
132	131	129
138	137	130
125	195	138
125	138	130
204	216	208
176	208	171
179	208	176
179	204	208
152	171	141
141	154	152
127	154	141
207	186	214
162	186	207
123	162	207
123	207	122
123	122	115
152	176	171
204	207	216
216	207	218
218	207	214
122	127	115
149	153	128
164	128	153
164	153	149
189	156	126
107	104	149
128	107	149
164	149	197
209	164	197
189	192	209
148	189	126
108	148	126
108	126	107
128	108	107
192	128	164
192	164	209
149	104	117
149	117	161
149	161	197
188	133	175
175	133	145
102	100	133
145	133	113
133	100	113
181	188	170
146	181	170
109	146	120
109	120	100
146	170	120
102	104	100
100	104	109
161	117	133
117	104	102
161	133	188
117	102	133
197	161	188
197	188	181
113	100	114
119	120	167
167	170	175
170	188	175
100	120	114
120	170	167
114	120	119
113	114	116
160	145	116
145	113	116
191	175	160
175	145	160
114	119	116
116	119	135
135	167	191
119	167	135
167	175	191
156	181	146
156	146	109
106	156	109
104	106	109
209	197	181
189	209	181
189	181	156
126	156	106
107	126	106
107	106	104
333	303	337
335	302	295
335	367	302
335	295	271
335	379	367
369	391	346
369	330	333
369	346	330
330	335	271
330	271	299
369	401	391
346	379	335
369	333	343
386	401	369
408	367	379
386	343	337
386	369	343
391	379	346
408	379	391
333	299	303
333	330	299
367	336	321
336	302	321
321	302	367
295	293	271
303	299	271
401	408	391
320	336	367
377	320	367
377	367	408
377	386	337
377	408	401
377	401	386
320	302	336
295	302	327
308	295	327
298	271	295
377	337	303
377	303	271
298	377	271
295	308	298
439	394	350
311	268	350
422	394	439
409	420	439
350	441	439
441	409	439
393	350	274
268	353	248
248	353	282
350	268	274
274	268	248
438	441	393
353	409	282
282	409	438
441	350	393
409	441	438
394	422	410
409	353	383
394	410	382
439	425	422
439	420	425
353	318	351
268	283	300
284	283	268
311	310	284
329	310	311
382	329	311
394	311	350
351	383	353
318	306	325
353	300	318
268	311	284
318	300	306
382	311	394
353	268	300
406	282	438
393	314	436
406	438	449
406	449	342
438	393	436
438	436	449
393	274	314
282	406	342
282	342	255
274	248	314
248	282	255
465	468	430
465	466	468
465	462	466
456	462	465
398	468	466
280	260	261
261	260	263
261	263	317
398	261	317
398	402	261
466	402	398
263	344	317
468	398	317
402	462	280
317	447	468
378	447	317
468	447	430
447	429	430
429	385	430
430	385	344
385	319	344
319	297	344
344	297	317
297	378	317
473	462	456
400	473	456
473	390	462
400	456	372
402	280	261
473	470	390
254	400	247
243	247	390
243	400	254
390	280	462
400	372	260
247	260	280
247	400	260
390	247	280
466	462	402
263	372	430
263	260	372
430	372	465
372	456	465
436	314	390
255	342	400
314	248	243
255	400	243
314	243	390
248	255	243
344	263	430
449	436	473
436	390	470
342	449	473
436	470	473
342	473	400
322	381	378
322	378	297
411	319	429
411	323	319
301	322	297
301	297	319
323	301	319
429	319	385
444	450	447
440	411	429
381	444	447
381	447	378
440	429	447
450	440	447
359	323	411
347	381	322
243	254	247
453	450	444
381	431	444
272	304	281
354	272	294
354	373	361
281	354	294
286	294	272
313	375	312
354	361	356
272	356	360
272	354	356
316	312	304
384	373	397
277	286	272
305	375	313
364	312	339
312	364	339
354	358	373
358	370	373
304	312	354
312	384	364
364	384	370
312	375	384
357	275	272
357	272	360
428	357	360
428	360	373
428	373	384
366	428	384
366	384	375
275	366	305
275	305	304
275	304	272
366	375	305
370	384	373
281	304	354
384	395	373
375	312	332
375	332	312
384	397	395
354	312	364
354	345	356
356	345	354
373	395	397
290	276	273
328	273	276
273	414	362
273	362	324
328	276	292
331	376	328
331	328	292
273	324	290
331	365	376
443	419	328
414	273	340
443	414	433
340	273	250
273	328	250
433	414	340
416	427	443
362	414	413
443	328	376
413	443	427
416	443	376
416	376	365
413	414	443
419	443	392
392	443	433
250	328	392
328	419	392
251	252	250
252	388	340
442	454	433
252	340	250
388	433	340
388	442	433
454	403	392
296	251	250
296	250	392
454	392	433
403	296	392
471	454	442
407	388	252
253	407	252
471	442	388
253	252	251
407	471	388
246	253	251
334	296	403
460	334	403
246	251	296
460	403	454
334	246	296
471	460	454
407	253	258
471	407	461
258	253	246
471	461	460
262	258	334
434	334	460
434	262	334
262	371	407
371	434	460
262	407	258
371	460	461
371	461	407
258	246	334