4
franka_link4
V
-0.137332000000000	0.124000000000000	0.00438800000000000
-0.137121000000000	0.106933000000000	0.00218000000000000
-0.136175000000000	0.106503000000000	-0.0102410000000000
-0.135795000000000	0.0880320000000000	-0.00263300000000000
-0.135110000000000	0.0955410000000000	0.0121430000000000
-0.133952000000000	0.124000000000000	-0.0194780000000000
-0.133473000000000	0.0916920000000000	-0.0168610000000000
-0.133343000000000	0.0698920000000000	0.00594100000000000
-0.133113000000000	0.124000000000000	0.0215430000000000
-0.130628000000000	0.106063000000000	-0.0258370000000000
-0.129940000000000	0.0588530000000000	0.0138360000000000
-0.129364000000000	0.109918000000000	0.0283690000000000
-0.128757000000000	0.0521890000000000	-0.0134760000000000
-0.128118000000000	0.0402100000000000	0.000795000000000000
-0.127655000000000	0.0411630000000000	0.00796800000000000
-0.126515000000000	0.0373960000000000	-0.00783900000000000
-0.126244000000000	0.0701190000000000	0.0266460000000000
-0.126179000000000	0.0803380000000000	-0.0292100000000000
-0.125941000000000	0.124000000000000	-0.0337570000000000
-0.125550000000000	0.124000000000000	0.0342430000000000
-0.124018000000000	0.0314420000000000	0.00401100000000000
-0.122744000000000	0.0411590000000000	-0.0219740000000000
-0.121325000000000	0.0414260000000000	0.0245170000000000
-0.120185000000000	0.0333950000000000	0.0204430000000000
-0.119666000000000	0.0772530000000000	0.0366240000000000
-0.119557000000000	0.124000000000000	-0.0406520000000000
-0.119516000000000	0.0333940000000000	-0.0216300000000000
-0.118536000000000	0.0266800000000000	-0.0117970000000000
-0.117681000000000	0.0253410000000000	0.00984300000000000
-0.116928000000000	0.0236090000000000	-0.000910000000000000
-0.116650000000000	0.100876000000000	0.0422780000000000
-0.115094000000000	0.0770550000000000	-0.0407100000000000
-0.115065000000000	0.0416830000000000	0.0324610000000000
-0.114629000000000	0.0292150000000000	-0.0240520000000000
-0.114383000000000	0.0231340000000000	-0.0112350000000000
-0.113546000000000	0.0401850000000000	-0.0334290000000000
-0.113259000000000	0.0522900000000000	0.0371140000000000
-0.113025000000000	0.0307460000000000	0.0277420000000000
-0.111308000000000	0.0233250000000000	0.0181810000000000
-0.111259000000000	0.124000000000000	0.0468900000000000
-0.109503000000000	0.0661170000000000	-0.0428140000000000
-0.109060000000000	0.0394330000000000	0.0368120000000000
-0.108875000000000	0.0299560000000000	-0.0309770000000000
-0.107561000000000	0.0803890000000000	0.0461940000000000
-0.107276000000000	0.0181300000000000	0.00317200000000000
-0.106984000000000	0.0233320000000000	-0.0236900000000000
-0.106689000000000	0.0233940000000000	0.0241130000000000
-0.105276000000000	0.0199410000000000	-0.0173290000000000
-0.105154000000000	0.0841630000000000	-0.0478840000000000
-0.103358000000000	0.124000000000000	0.0508990000000000
-0.103243000000000	0.102183000000000	-0.0503180000000000
-0.103077000000000	0.0401020000000000	-0.0406910000000000
-0.102816000000000	0.0354610000000000	-0.0389320000000000
-0.102748000000000	0.0292270000000000	0.0346560000000000
-0.101272000000000	0.0606630000000000	-0.0460490000000000
-0.0991190000000000	0.0913280000000000	0.0510190000000000
-0.0982980000000000	0.0805650000000000	-0.0501510000000000
-0.0979730000000000	0.0147290000000000	-0.00110100000000000
-0.0973790000000000	0.0588450000000000	0.0471260000000000
-0.0971520000000000	0.0190560000000000	0.0225910000000000
-0.0967190000000000	0.0221690000000000	-0.0290790000000000
-0.0963510000000000	0.124000000000000	-0.0532340000000000
-0.0959020000000000	0.0373960000000000	0.0426520000000000
-0.0956480000000000	0.0314410000000000	-0.0395840000000000
-0.0943460000000000	0.0150710000000000	-0.0118680000000000
-0.0931400000000000	0.0260330000000000	-0.0357170000000000
-0.0930870000000000	0.0152580000000000	0.0137910000000000
-0.0929140000000000	0.0253410000000000	0.0350140000000000
-0.0904670000000000	0.0314410000000000	0.0409430000000000
-0.0904320000000000	0.0389120000000000	0.0445370000000000
-0.0894510000000000	0.0656480000000000	-0.0500740000000000
-0.0878800000000000	0.0402300000000000	-0.0453130000000000
-0.0878500000000000	0.0332830000000000	-0.0424830000000000
-0.0861230000000000	0.0916970000000000	-0.0535650000000000
-0.0853240000000000	0.0127610000000000	-0.00129300000000000
-0.0847320000000000	0.0200700000000000	-0.0287660000000000
-0.0836360000000000	0.102577000000000	0.0544370000000000
-0.0831430000000000	0.0735520000000000	0.0516930000000000
-0.0795990000000000	0.124000000000000	-0.0549390000000000
-0.0795680000000000	0.0167210000000000	-0.0214430000000000
-0.0790130000000000	0.0217340000000000	0.0320700000000000
-0.0788510000000000	0.124000000000000	0.0548860000000000
-0.0783700000000000	0.0138190000000000	0.0122430000000000
-0.0782450000000000	0.0612760000000000	-0.0496550000000000
-0.0781880000000000	0.0872870000000000	-0.0531140000000000
-0.0777760000000000	0.0407270000000000	-0.0455110000000000
-0.0771530000000000	0.0286040000000000	0.0402340000000000
-0.0767090000000000	0.0124650000000000	-0.000939000000000000
-0.0756970000000000	0.0137560000000000	-0.00904400000000000
-0.0751270000000000	0.0164760000000000	0.0226410000000000
-0.0737300000000000	0.101085000000000	0.0536500000000000
-0.0735850000000000	0.0323780000000000	0.0434810000000000
-0.0735030000000000	0.0137810000000000	-0.00853900000000000
-0.0735020000000000	0.0147220000000000	-0.0137030000000000
-0.0735010000000000	0.0127000000000000	-0.00100800000000000
-0.0735010000000000	0.0132500000000000	-0.00373700000000000
-0.0735000000000000	0.0126540000000000	0.000500000000000000
-0.0734990000000000	0.0120240000000000	0.000500000000000000
-0.0734990000000000	0.0131690000000000	-0.00110000000000000
-0.0732910000000000	0.0249730000000000	-0.0349150000000000
-0.0730280000000000	0.0142560000000000	-0.0168110000000000
-0.0721580000000000	0.0398270000000000	0.0460940000000000
-0.0721120000000000	0.0722340000000000	0.0505870000000000
-0.0710110000000000	0.0165220000000000	-0.0183720000000000
-0.0709630000000000	0.0207680000000000	-0.0277690000000000
-0.0709610000000000	0.0329390000000000	-0.0410280000000000
-0.0706750000000000	0.0224170000000000	0.0387540000000000
-0.0694820000000000	0.0181520000000000	0.0335770000000000
-0.0682360000000000	0.0251350000000000	0.0436770000000000
-0.0681980000000000	0.103949000000000	-0.0526160000000000
-0.0680170000000000	0.0189290000000000	0.0652480000000000
-0.0679960000000000	0.0208120000000000	0.0408920000000000
-0.0672250000000000	0.0124810000000000	0.0184940000000000
-0.0667630000000000	0.0109180000000000	0.0653610000000000
-0.0662580000000000	0.0306050000000000	-0.0378010000000000
-0.0654530000000000	0.00893700000000000	0.000500000000000000
-0.0652420000000000	0.0200330000000000	0.0458480000000000
-0.0652030000000000	0.0232470000000000	-0.0292230000000000
-0.0650200000000000	0.0146450000000000	0.0381060000000000
-0.0648850000000000	0.0110240000000000	0.0704010000000000
-0.0648160000000000	0.0181320000000000	-0.0183980000000000
-0.0639960000000000	0.0181980000000000	0.0649340000000000
-0.0639850000000000	0.0257300000000000	0.0705250000000000
-0.0638400000000000	0.0763670000000000	-0.0486130000000000
-0.0635920000000000	0.00758900000000000	0.000500000000000000
-0.0633210000000000	0.0169270000000000	0.0540260000000000
-0.0629980000000000	0.0336260000000000	0.0653730000000000
-0.0629970000000000	0.0130080000000000	0.0456730000000000
-0.0625800000000000	0.0172330000000000	-0.0113440000000000
-0.0622860000000000	0.0176500000000000	0.0536100000000000
-0.0622560000000000	0.0166830000000000	0.0708170000000000
-0.0621530000000000	0.0211610000000000	0.0534890000000000
-0.0619360000000000	0.00892900000000000	0.0380280000000000
-0.0617300000000000	0.0351500000000000	0.0491940000000000
-0.0617180000000000	0.0400650000000000	-0.0405770000000000
-0.0615560000000000	0.0245770000000000	0.0534910000000000
-0.0614160000000000	0.0120080000000000	0.0545040000000000
-0.0614050000000000	0.0168430000000000	0.0643670000000000
-0.0606500000000000	0.0247500000000000	0.0539050000000000
-0.0599340000000000	0.0302800000000000	0.0658680000000000
-0.0598420000000000	0.00599800000000000	0.0561860000000000
-0.0596600000000000	0.0800390000000000	0.0478820000000000
-0.0594380000000000	0.00488900000000000	0.0636280000000000
-0.0594270000000000	0.0306360000000000	0.0534900000000000
-0.0592680000000000	0.0537480000000000	-0.0425530000000000
-0.0592390000000000	0.00623100000000000	0.0590520000000000
-0.0591070000000000	0.00365300000000000	-0.0110840000000000
-0.0590530000000000	0.00322200000000000	0.0639870000000000
-0.0590050000000000	0.0157780000000000	0.0712950000000000
-0.0589360000000000	0.124000000000000	-0.0497040000000000
-0.0589240000000000	0.00627400000000000	-0.0183160000000000
-0.0589200000000000	0.0204350000000000	-0.0183980000000000
-0.0584990000000000	0.0291630000000000	0.0708260000000000
-0.0580700000000000	0.00426600000000000	0.0715720000000000
-0.0579130000000000	-0.000813000000000000	0.0641450000000000
-0.0577200000000000	0.0347860000000000	0.0519070000000000
-0.0577150000000000	0.00241000000000000	0.000499000000000000
-0.0576140000000000	0.0246480000000000	-0.0256430000000000
-0.0574150000000000	0.0562570000000000	0.0483610000000000
-0.0573240000000000	-0.00157900000000000	0.0587260000000000
-0.0573110000000000	0.00639400000000000	-0.0182510000000000
-0.0571280000000000	0.0346810000000000	0.0534830000000000
-0.0571170000000000	-0.00319100000000000	0.0635530000000000
-0.0570180000000000	0.00908400000000000	0.0686460000000000
-0.0569880000000000	-0.00519200000000000	0.0598550000000000
-0.0568240000000000	0.0409910000000000	0.0704760000000000
-0.0566970000000000	0.0365070000000000	0.0664170000000000
-0.0566220000000000	-0.00378600000000000	0.000500000000000000
-0.0562070000000000	-0.00229500000000000	0.0623240000000000
-0.0560770000000000	0.0272490000000000	0.0712910000000000
-0.0560320000000000	0.0152310000000000	0.0694790000000000
-0.0555360000000000	0.0514040000000000	0.0489470000000000
-0.0554110000000000	0.0363940000000000	0.0706530000000000
-0.0552250000000000	-0.00762700000000000	0.0644440000000000
-0.0550480000000000	0.0374310000000000	0.0534950000000000
-0.0545730000000000	0.0326360000000000	-0.0319560000000000
-0.0544700000000000	0.0352150000000000	0.0662980000000000
-0.0543510000000000	-0.0128920000000000	0.0286550000000000
-0.0541770000000000	-0.0120550000000000	0.0438870000000000
-0.0541770000000000	0.0189880000000000	0.000500000000000000
-0.0541190000000000	0.0191490000000000	-0.00106500000000000
-0.0539020000000000	0.0197380000000000	-0.00110000000000000
-0.0538580000000000	0.0198810000000000	-0.00423900000000000
-0.0538280000000000	-0.00906200000000000	0.0608060000000000
-0.0537780000000000	0.0381980000000000	-0.0346470000000000
-0.0537390000000000	0.124000000000000	0.0468890000000000
-0.0536180000000000	0.0205190000000000	-0.00827000000000000
-0.0534320000000000	0.0196810000000000	0.000500000000000000
-0.0531100000000000	0.0467710000000000	0.0496730000000000
-0.0530010000000000	-0.0119470000000000	0.0644250000000000
-0.0529800000000000	0.0221160000000000	-0.0140750000000000
-0.0529480000000000	0.0294800000000000	0.0609920000000000
-0.0528810000000000	0.0300360000000000	0.0638690000000000
-0.0527730000000000	-0.000426000000000000	0.0762320000000000
-0.0525260000000000	0.0343860000000000	0.0713050000000000
-0.0524300000000000	0.0233680000000000	-0.0161260000000000
-0.0521530000000000	0.0241600000000000	-0.0183240000000000
-0.0512050000000000	0.0636270000000000	0.0464860000000000
-0.0504180000000000	0.0418080000000000	0.0534790000000000
-0.0500980000000000	0.0996000000000000	-0.0435390000000000
-0.0500410000000000	-0.0154030000000000	0.0619090000000000
-0.0497930000000000	0.0706190000000000	0.0446470000000000
-0.0495930000000000	0.0289080000000000	-0.0225220000000000
-0.0493800000000000	0.0172530000000000	0.0875720000000000
-0.0493730000000000	0.0145290000000000	0.0820150000000000
-0.0492130000000000	-0.0182730000000000	0.0642130000000000
-0.0490960000000000	0.0297590000000000	-0.000457000000000000
-0.0486750000000000	0.0694950000000000	-0.0383430000000000
-0.0486710000000000	-0.0139220000000000	0.0703250000000000
-0.0479220000000000	-0.00695100000000000	0.0884540000000000
-0.0477750000000000	0.0533530000000000	0.0659160000000000
-0.0474060000000000	-0.00221600000000000	0.0859980000000000
-0.0470110000000000	0.0949130000000000	0.0407510000000000
-0.0465830000000000	0.124000000000000	0.0416620000000000
-0.0462840000000000	0.0444520000000000	0.0534870000000000
-0.0461950000000000	-0.0298880000000000	0.000501000000000000
-0.0459710000000000	0.0611550000000000	-0.0338760000000000
-0.0457750000000000	0.0401070000000000	-0.0270340000000000
-0.0455160000000000	0.0459560000000000	0.0672940000000000
-0.0450850000000000	0.0202830000000000	0.0844050000000000
-0.0445060000000000	0.103720000000000	-0.0390890000000000
-0.0444960000000000	0.0449750000000000	0.0710740000000000
-0.0440000000000000	0.0449790000000000	0.0525670000000000
-0.0438610000000000	0.124000000000000	-0.0391620000000000
-0.0438310000000000	0.0365790000000000	0.0619710000000000
-0.0433430000000000	0.0538650000000000	0.0707920000000000
-0.0432670000000000	0.0503530000000000	0.0498480000000000
-0.0430440000000000	-0.0331820000000000	0.0228620000000000
-0.0429700000000000	0.0308090000000000	0.0872920000000000
-0.0421760000000000	-0.000787000000000000	0.0932420000000000
-0.0414430000000000	-0.0315740000000000	0.0471480000000000
-0.0414180000000000	0.0531680000000000	0.0665060000000000
-0.0412900000000000	-0.0299180000000000	0.0639790000000000
-0.0410050000000000	0.0761730000000000	0.0380780000000000
-0.0406030000000000	0.0405820000000000	-0.0183180000000000
-0.0405650000000000	0.0516590000000000	0.0708210000000000
-0.0403930000000000	-0.0294540000000000	0.0629380000000000
-0.0403330000000000	0.0469110000000000	0.0534800000000000
-0.0402310000000000	-0.0337360000000000	0.0649110000000000
-0.0402280000000000	0.0409560000000000	-0.0181820000000000
-0.0400950000000000	-0.0304140000000000	0.0632880000000000
-0.0395670000000000	-0.0300260000000000	0.0644480000000000
-0.0394240000000000	0.124000000000000	0.0342090000000000
-0.0394220000000000	0.0478700000000000	0.0543720000000000
-0.0393970000000000	0.0500540000000000	0.0672210000000000
-0.0393210000000000	-0.0250580000000000	0.0898950000000000
-0.0393150000000000	-0.0222230000000000	0.0850760000000000
-0.0391820000000000	0.0646990000000000	0.0426760000000000
-0.0391210000000000	0.0458960000000000	-0.0183970000000000
-0.0388570000000000	-0.0312660000000000	0.0632630000000000
-0.0385560000000000	0.0425370000000000	-0.0149240000000000
-0.0384520000000000	-0.0168850000000000	0.0918740000000000
-0.0383170000000000	0.0491440000000000	0.0712930000000000
-0.0379610000000000	0.0944590000000000	0.0313260000000000
-0.0379560000000000	0.0709000000000000	-0.0255180000000000
-0.0376630000000000	0.00959500000000000	0.0968090000000000
-0.0375400000000000	0.0246600000000000	0.0899170000000000
-0.0374890000000000	0.0434960000000000	-0.0120480000000000
-0.0370890000000000	0.0553360000000000	-0.0184010000000000
-0.0370420000000000	0.103521000000000	-0.0300680000000000
-0.0370080000000000	0.0414840000000000	0.0639950000000000
-0.0367630000000000	0.0832970000000000	0.0314780000000000
-0.0367290000000000	0.0199030000000000	0.0940820000000000
-0.0367240000000000	-0.00100900000000000	0.100937000000000
-0.0367080000000000	0.0441630000000000	-0.0182030000000000
-0.0366610000000000	-0.00704200000000000	0.0977820000000000
-0.0365820000000000	0.0442330000000000	-0.00764500000000000
-0.0364330000000000	0.0443800000000000	-0.00816900000000000
-0.0360970000000000	0.0302590000000000	0.0850130000000000
-0.0358150000000000	0.0448560000000000	-0.000226000000000000
-0.0357790000000000	-0.0417790000000000	0.000500000000000000
-0.0357350000000000	0.0449260000000000	-0.00383000000000000
-0.0355830000000000	0.0450410000000000	-0.000501000000000000
-0.0355290000000000	-0.0383980000000000	0.0454400000000000
-0.0350070000000000	0.0454960000000000	-0.000449000000000000
-0.0348930000000000	0.0456080000000000	0.000500000000000000
-0.0348380000000000	0.0678140000000000	-0.0183960000000000
-0.0344510000000000	0.0458150000000000	0.0582240000000000
-0.0343100000000000	-0.0361880000000000	0.0632660000000000
-0.0336460000000000	-0.0145470000000000	0.100932000000000
-0.0335890000000000	-0.000797000000000000	0.100960000000000
-0.0334690000000000	0.0771760000000000	-0.0183980000000000
-0.0334310000000000	-0.00348900000000000	0.100960000000000
-0.0333630000000000	0.0454940000000000	0.0558840000000000
-0.0331360000000000	-0.0181030000000000	0.0972190000000000
-0.0331160000000000	0.124000000000000	-0.0242290000000000
-0.0330150000000000	0.0733090000000000	0.0317090000000000
-0.0329890000000000	0.00701800000000000	0.100961000000000
-0.0327710000000000	0.0486890000000000	0.0534920000000000
-0.0327130000000000	-0.00791600000000000	0.100959000000000
-0.0326510000000000	0.0161190000000000	0.0988710000000000
-0.0325600000000000	0.0812550000000000	-0.0166830000000000
-0.0325000000000000	-0.0334730000000000	0.0905330000000000
-0.0320280000000000	0.0890580000000000	-0.0182250000000000
-0.0319730000000000	0.0625530000000000	0.0649790000000000
-0.0315480000000000	-0.0295670000000000	0.0896860000000000
-0.0314820000000000	0.0821060000000000	0.0235510000000000
-0.0314310000000000	0.0969400000000000	0.0195630000000000
-0.0313830000000000	0.0190860000000000	0.100939000000000
-0.0313510000000000	-0.0123830000000000	0.100955000000000
-0.0312360000000000	0.106068000000000	-0.0188800000000000
-0.0310730000000000	0.0910260000000000	-0.0159180000000000
-0.0309580000000000	-0.0440230000000000	0.0305520000000000
-0.0308720000000000	0.0586250000000000	0.0655510000000000
-0.0308130000000000	-0.0119020000000000	0.101144000000000
-0.0306220000000000	0.0602600000000000	0.0708120000000000
-0.0306060000000000	-0.00216800000000000	0.102618000000000
-0.0305530000000000	0.0144770000000000	0.100960000000000
-0.0304280000000000	-0.0204810000000000	0.100934000000000
-0.0303670000000000	0.0906490000000000	-0.0169120000000000
-0.0300880000000000	-0.0431740000000000	0.0650610000000000
-0.0298830000000000	0.0645580000000000	0.0369540000000000
-0.0298800000000000	0.0767700000000000	0.000500000000000000
-0.0296860000000000	0.0910450000000000	-0.0105100000000000
-0.0295450000000000	-0.0391640000000000	0.0669770000000000
-0.0292430000000000	0.0555090000000000	0.0662200000000000
-0.0290750000000000	0.0573130000000000	0.0446110000000000
-0.0290740000000000	-0.0170600000000000	0.100960000000000
-0.0288550000000000	0.0910440000000000	-0.00471800000000000
-0.0288170000000000	0.0571640000000000	0.0706870000000000
-0.0286700000000000	0.0910410000000000	-0.000500000000000000
-0.0285220000000000	0.124000000000000	0.0106470000000000
-0.0284700000000000	0.0851560000000000	0.0137930000000000
-0.0284550000000000	0.124000000000000	-0.0102440000000000
-0.0283770000000000	-0.0410700000000000	0.0631590000000000
-0.0281680000000000	0.0910430000000000	-0.000434000000000000
-0.0279090000000000	0.0718650000000000	0.0245690000000000
-0.0278160000000000	0.0191560000000000	0.100960000000000
-0.0277700000000000	0.0987600000000000	-8.50000000000000e-05
-0.0276880000000000	0.0544200000000000	0.0713200000000000
-0.0275290000000000	0.119001000000000	0.000999000000000000
-0.0274160000000000	0.0909050000000000	0.000500000000000000
-0.0269400000000000	-0.0292470000000000	0.0949840000000000
-0.0265160000000000	0.0828660000000000	0.000500000000000000
-0.0264380000000000	0.0452530000000000	0.0873720000000000
-0.0261400000000000	-0.0366460000000000	0.0855220000000000
-0.0261160000000000	0.0288910000000000	0.0961800000000000
-0.0258470000000000	0.0140090000000000	0.103390000000000
-0.0252190000000000	-0.0448140000000000	0.0523070000000000
-0.0249680000000000	-0.0432280000000000	0.0631530000000000
-0.0248290000000000	0.0523540000000000	0.0491280000000000
-0.0244140000000000	0.0232300000000000	0.100960000000000
-0.0243460000000000	-0.0232720000000000	0.100960000000000
-0.0242370000000000	0.0629140000000000	0.0653110000000000
-0.0241730000000000	0.0381380000000000	0.0856430000000000
-0.0235320000000000	0.0712800000000000	0.000500000000000000
-0.0233710000000000	0.0691570000000000	-0.0136950000000000
-0.0232530000000000	-0.0444720000000000	0.0630870000000000
-0.0228230000000000	-0.0262930000000000	0.0998530000000000
-0.0224060000000000	0.0667450000000000	0.0168360000000000
-0.0212010000000000	0.0251370000000000	0.101247000000000
-0.0210480000000000	-0.0439410000000000	0.0844740000000000
-0.0210160000000000	0.00183800000000000	0.107235000000000
-0.0209400000000000	-0.0453610000000000	0.0631250000000000
-0.0207780000000000	-0.0265550000000000	0.100952000000000
-0.0200310000000000	-0.0403530000000000	0.0854010000000000
-0.0199040000000000	0.0364680000000000	0.0925570000000000
-0.0198950000000000	0.0644270000000000	0.000500000000000000
-0.0190430000000000	0.0614840000000000	0.0255650000000000
-0.0187430000000000	0.0281120000000000	0.100959000000000
-0.0186520000000000	-0.0327280000000000	0.0973230000000000
-0.0185050000000000	0.0626750000000000	0.000500000000000000
-0.0178040000000000	0.0513610000000000	0.0545900000000000
-0.0173280000000000	0.0557830000000000	0.0422100000000000
-0.0170860000000000	-0.0469430000000000	0.0630920000000000
-0.0170330000000000	0.0550020000000000	-0.0182240000000000
-0.0168750000000000	-0.0469750000000000	0.0632150000000000
-0.0166720000000000	-0.0136880000000000	0.107063000000000
-0.0166530000000000	0.0490790000000000	0.0563990000000000
-0.0159350000000000	-0.0433140000000000	0.0918110000000000
-0.0158490000000000	-0.0296730000000000	0.100959000000000
-0.0158400000000000	0.0403290000000000	0.0895050000000000
-0.0157960000000000	0.0331710000000000	0.100935000000000
-0.0157550000000000	-0.0527140000000000	0.000500000000000000
-0.0156600000000000	0.0480850000000000	0.0879680000000000
-0.0155030000000000	-0.0499640000000000	0.0454400000000000
-0.0152250000000000	0.0178470000000000	0.106292000000000
-0.0147140000000000	0.0503980000000000	0.0548600000000000
-0.0145220000000000	0.0493670000000000	0.0636500000000000
-0.0134660000000000	0.0578530000000000	-0.00918300000000000
-0.0133960000000000	0.0346100000000000	0.0978630000000000
-0.0125450000000000	0.00446600000000000	0.109577000000000
-0.0124830000000000	0.0567380000000000	0.000500000000000000
-0.0120750000000000	-0.0512010000000000	0.0650080000000000
-0.0110010000000000	-0.0318940000000000	0.100951000000000
-0.0103540000000000	-0.0352100000000000	0.100922000000000
-0.0101420000000000	-0.0488790000000000	0.0632050000000000
-0.00999200000000000	0.0322010000000000	0.100962000000000
-0.00954300000000000	-0.0529580000000000	0.0305480000000000
-0.00936200000000000	-0.0442010000000000	0.0850030000000000
-0.00918900000000000	-0.0217600000000000	0.106230000000000
-0.00894700000000000	0.0440950000000000	0.0855840000000000
-0.00884600000000000	-0.0317250000000000	0.101219000000000
-0.00813600000000000	0.0556790000000000	0.0707020000000000
-0.00769000000000000	-0.0328590000000000	0.100951000000000
-0.00614000000000000	-0.0498450000000000	0.0601660000000000
-0.00608000000000000	0.0546040000000000	0.0296080000000000
-0.00578800000000000	0.0555010000000000	0.000500000000000000
-0.00434200000000000	0.0247430000000000	0.105555000000000
-0.00415300000000000	0.0326230000000000	0.101250000000000
-0.00403000000000000	-0.0497530000000000	0.0631690000000000
-0.00379400000000000	0.00871200000000000	0.110304000000000
-0.00377800000000000	-0.0411720000000000	0.0928650000000000
-0.00310000000000000	0.0557500000000000	0.0648840000000000
-0.00276000000000000	0.0520880000000000	0.0481270000000000
-0.00270000000000000	-0.0336260000000000	0.100955000000000
-0.00265400000000000	0.0404810000000000	0.0939610000000000
-0.00233400000000000	-0.0447900000000000	0.0859700000000000
-0.00149900000000000	0.0337120000000000	0.100953000000000
-0.000768000000000000	-0.00977900000000000	0.110252000000000
-0.000663000000000000	-0.0337800000000000	0.100624000000000
-0.000252000000000000	0.0506990000000000	0.0599100000000000
0	-0.0550000000000000	0.000500000000000000
0.000837000000000000	0.0478480000000000	0.0887450000000000
0.00141200000000000	-0.0537200000000000	0.0315090000000000
0.00193000000000000	0.0455920000000000	0.0835220000000000
0.00252100000000000	-0.0498750000000000	0.0630860000000000
0.00256600000000000	-0.0455770000000000	0.0928930000000000
0.00267500000000000	-0.0520360000000000	0.0471180000000000
0.00276000000000000	0.0515830000000000	0.0609220000000000
0.00285900000000000	0.0439450000000000	0.0879870000000000
0.00287000000000000	0.00347800000000000	0.110903000000000
0.00301800000000000	0.0335230000000000	0.100958000000000
0.00322600000000000	0.0350180000000000	0.0995790000000000
0.00357700000000000	0.0504100000000000	0.0610100000000000
0.00408400000000000	0.0230070000000000	0.106328000000000
0.00446500000000000	-0.0483650000000000	0.0849920000000000
0.00469000000000000	-0.0333410000000000	0.100963000000000
0.00495600000000000	0.0514910000000000	0.0500200000000000
0.00617400000000000	-0.0495450000000000	0.0631050000000000
0.00749100000000000	-0.0479740000000000	0.0696450000000000
0.00803900000000000	0.0327190000000000	0.100960000000000
0.00817500000000000	-0.0252180000000000	0.104897000000000
0.00829200000000000	-0.0357670000000000	0.100928000000000
0.00891100000000000	-0.0149070000000000	0.108501000000000
0.00929000000000000	0.0494800000000000	0.0621540000000000
0.00956800000000000	0.0354280000000000	0.100939000000000
0.00975800000000000	-0.0536290000000000	0.0201570000000000
0.0108680000000000	-0.0318560000000000	0.100960000000000
0.0111440000000000	-0.0395720000000000	0.0932000000000000
0.0116390000000000	0.0361200000000000	0.0970270000000000
0.0118120000000000	-0.0512730000000000	0.0650750000000000
0.0121980000000000	-0.0333850000000000	0.0992640000000000
0.0131960000000000	-0.0438540000000000	0.0828590000000000
0.0135890000000000	0.0308080000000000	0.100960000000000
0.0136620000000000	0.0405910000000000	0.0904440000000000
0.0138540000000000	0.0532320000000000	0.000500000000000000
0.0139210000000000	0.0435800000000000	0.0830310000000000
0.0143010000000000	0.0139250000000000	0.107657000000000
0.0147140000000000	-0.0504980000000000	0.0430310000000000
0.0148180000000000	-0.0476620000000000	0.0631980000000000
0.0157730000000000	0.0513630000000000	0.0316130000000000
0.0166250000000000	-0.0293230000000000	0.100963000000000
0.0169130000000000	-0.0203840000000000	0.104907000000000
0.0172630000000000	0.0471390000000000	0.0602510000000000
0.0187460000000000	-0.0471960000000000	0.0565560000000000
0.0190070000000000	-0.0411750000000000	0.0935650000000000
0.0190440000000000	-0.00361200000000000	0.107850000000000
0.0191270000000000	-0.0391680000000000	0.0889860000000000
0.0194730000000000	-0.0330610000000000	0.0966030000000000
0.0194920000000000	0.0461680000000000	0.0630000000000000
0.0196560000000000	0.0274610000000000	0.100952000000000
0.0199680000000000	0.0370930000000000	0.0916370000000000
0.0204060000000000	-0.0455850000000000	0.0631390000000000
0.0218030000000000	-0.0256370000000000	0.100960000000000
0.0224920000000000	-0.0487760000000000	0.0317490000000000
0.0229580000000000	-0.0500000000000000	0.000501000000000000
0.0234120000000000	-0.0141690000000000	0.104463000000000
0.0240080000000000	0.0236810000000000	0.100959000000000
0.0240690000000000	0.0254680000000000	0.0996820000000000
0.0241200000000000	0.0437630000000000	0.0630830000000000
0.0241850000000000	0.0399580000000000	0.0902780000000000
0.0245650000000000	-0.0423200000000000	0.0834790000000000
0.0249130000000000	0.0490400000000000	0.000500000000000000
0.0253700000000000	0.0372500000000000	0.0853670000000000
0.0254980000000000	-0.0380250000000000	0.0829190000000000
0.0256910000000000	-0.0427830000000000	0.0631970000000000
0.0260610000000000	-0.0213180000000000	0.100962000000000
0.0266680000000000	0.0429360000000000	0.0581090000000000
0.0270180000000000	-0.0422500000000000	0.0630320000000000
0.0270200000000000	-0.0248570000000000	0.0982410000000000
0.0270370000000000	0.0247790000000000	0.100936000000000
0.0271330000000000	-0.0451040000000000	0.0650390000000000
0.0281560000000000	0.00201800000000000	0.104017000000000
0.0288570000000000	0.0174110000000000	0.100962000000000
0.0292410000000000	0.0437320000000000	0.0649060000000000
0.0296470000000000	-0.0159820000000000	0.100960000000000
0.0297460000000000	0.0238100000000000	0.0968710000000000
0.0299000000000000	-0.0400080000000000	0.0630870000000000
0.0310710000000000	0.0390730000000000	0.0631830000000000
0.0315020000000000	-0.0440210000000000	0.0263440000000000
0.0316650000000000	-0.0312570000000000	0.0869030000000000
0.0318640000000000	0.0108910000000000	0.100959000000000
0.0320750000000000	-0.0266430000000000	0.0923370000000000
0.0320880000000000	0.0396460000000000	0.0630650000000000
0.0323480000000000	0.0262440000000000	0.0924080000000000
0.0324920000000000	-0.00902100000000000	0.100961000000000
0.0325330000000000	0.0349740000000000	0.0876780000000000
0.0332410000000000	0.0303630000000000	0.0855080000000000
0.0334360000000000	0.00434000000000000	0.100960000000000
0.0335340000000000	0.0351140000000000	0.0696360000000000
0.0336110000000000	-0.00232600000000000	0.100961000000000
0.0337390000000000	0.0421850000000000	0.0279950000000000
0.0337630000000000	0.0143250000000000	0.100940000000000
0.0339010000000000	0.0366530000000000	0.0631930000000000
0.0341900000000000	-0.0133390000000000	0.100922000000000
0.0346790000000000	0.000893000000000000	0.0999490000000000
0.0347460000000000	-0.0132240000000000	0.0978020000000000
0.0351670000000000	-0.0354360000000000	0.0619250000000000
0.0356170000000000	-0.0286140000000000	0.0832840000000000
0.0359430000000000	-0.0393430000000000	0.0364890000000000
0.0362520000000000	-0.0269370000000000	0.0939540000000000
0.0366890000000000	0.0338980000000000	0.0631430000000000
0.0369990000000000	-0.0407020000000000	0.000500000000000000
0.0370180000000000	0.0110290000000000	0.0963120000000000
0.0370450000000000	0.0406600000000000	0.000500000000000000
0.0370980000000000	-0.0334190000000000	0.0631170000000000
0.0373800000000000	0.0370440000000000	0.0650210000000000
0.0382370000000000	0.0186810000000000	0.0909190000000000
0.0388230000000000	0.0356370000000000	0.0420690000000000
0.0389490000000000	-0.0287430000000000	0.0856110000000000
0.0396870000000000	-0.0345680000000000	0.0650040000000000
0.0403480000000000	-0.0294620000000000	0.0630400000000000
0.0404360000000000	0.0292930000000000	0.0631010000000000
0.0408470000000000	-0.0136850000000000	0.0899700000000000
0.0411260000000000	-0.0187760000000000	0.0849180000000000
0.0417520000000000	0.00823900000000000	0.0909190000000000
0.0421810000000000	0.0177790000000000	0.0829470000000000
0.0423970000000000	0.0177080000000000	0.0922790000000000
0.0432270000000000	-0.0136940000000000	0.0936220000000000
0.0432700000000000	0.0249510000000000	0.0631050000000000
0.0435740000000000	-0.0295760000000000	0.0423960000000000
0.0437480000000000	-0.00397400000000000	0.0882370000000000
0.0443330000000000	-0.0229820000000000	0.0631060000000000
0.0444770000000000	0.0250190000000000	0.0549120000000000
0.0448340000000000	-0.0318670000000000	0.000500000000000000
0.0448700000000000	0.0318170000000000	0.000500000000000000
0.0454550000000000	-0.0232360000000000	0.0547790000000000
0.0455680000000000	0.00243100000000000	0.0930180000000000
0.0456960000000000	0.0201430000000000	0.0631060000000000
0.0458000000000000	0.000714000000000000	0.0828230000000000
0.0461230000000000	-0.0151720000000000	0.0696230000000000
0.0466440000000000	0.0263700000000000	0.0333360000000000
0.0467670000000000	0.0131820000000000	0.0849020000000000
0.0472760000000000	-0.0159940000000000	0.0631820000000000
0.0476320000000000	-0.00906400000000000	0.0853180000000000
0.0483150000000000	0.0208430000000000	0.0649880000000000
0.0483780000000000	-0.0131630000000000	0.0630180000000000
0.0484090000000000	-0.0204810000000000	0.0648240000000000
0.0485710000000000	-0.0114690000000000	0.0631840000000000
0.0489950000000000	0.00968400000000000	0.0630880000000000
0.0494910000000000	-0.00643600000000000	0.0631840000000000
0.0497310000000000	-0.00880900000000000	0.0584010000000000
0.0497490000000000	0.00442100000000000	0.0631220000000000
0.0499000000000000	-0.00210700000000000	0.0631000000000000
0.0502630000000000	0.0139150000000000	0.0467110000000000
0.0503930000000000	-0.0197520000000000	0.0263390000000000
0.0506530000000000	0.00365500000000000	0.0565610000000000
0.0522970000000000	-0.00571100000000000	0.0648630000000000
0.0524240000000000	0.0129970000000000	0.0279880000000000
0.0526300000000000	0.0159880000000000	0.000500000000000000
0.0527640000000000	-0.0120780000000000	0.0263410000000000
0.0534010000000000	-0.00409300000000000	0.0335360000000000
0.0534130000000000	-0.0131380000000000	0.000500000000000000
0.0549690000000000	0.000997000000000000	0.00549900000000000
F
94	98	93
95	98	97
94	101	98
96	95	99
96	98	95
93	98	96
147	151	161
147	161	157
104	147	116
104	151	147
101	116	98
101	104	116
116	147	157
183	182	181
157	161	180
161	183	181
161	191	187
161	181	180
161	187	183
161	197	191
161	152	197
161	151	121
161	121	152
151	104	121
101	94	104
153	166	123
173	166	153
236	306	226
173	222	166
222	226	166
131	153	123
320	306	236
131	123	120
149	131	120
154	149	120
222	236	226
320	394	306
320	330	394
195	253	222
222	253	236
195	173	170
195	170	149
173	153	170
114	190	154
154	120	114
120	111	114
127	123	166
226	295	211
226	306	295
111	123	127
211	166	226
120	123	111
127	166	211
306	344	295
394	404	344
344	306	394
472	498	486
253	335	330
229	335	253
253	195	229
414	472	404
414	404	394
404	472	486
414	394	330
414	330	375
335	375	330
546	539	530
546	544	539
427	473	457
473	512	457
521	530	512
544	529	539
370	427	418
530	521	546
512	473	521
427	457	418
544	546	559
384	370	352
384	427	370
483	473	427
522	521	473
427	384	442
546	521	549
544	559	547
483	427	442
547	529	544
547	498	529
498	547	518
473	483	522
522	549	521
546	549	559
486	498	518
352	311	384
352	293	311
352	370	293
154	190	246
210	154	246
149	154	204
293	239	311
246	239	293
204	154	210
190	239	246
204	195	149
229	195	204
434	386	418
434	418	457
457	465	434
512	465	457
506	530	539
539	504	506
498	482	529
482	504	529
498	472	482
512	506	465
506	512	530
386	293	370
386	370	418
504	539	529
437	482	472
414	437	472
373	414	375
373	437	414
373	375	335
229	373	335
229	299	373
280	210	246
246	309	280
210	280	264
264	204	210
229	204	299
299	204	264
309	293	386
309	246	293
434	406	386
283	281	264
409	437	373
434	428	406
506	504	500
423	437	409
506	500	502
290	283	264
290	264	280
432	437	423
300	290	280
506	502	497
434	439	428
328	342	299
445	437	432
318	300	280
318	280	309
445	482	437
360	299	342
462	482	445
308	328	299
434	453	439
343	318	309
360	373	299
465	453	434
469	482	462
355	343	309
386	355	309
506	497	487
485	482	469
371	355	386
288	308	299
388	373	360
386	385	371
504	482	485
506	487	478
506	478	465
504	485	493
288	299	264
386	395	385
281	288	264
504	493	500
409	373	388
386	406	395
250	241	242
237	242	241
136	132	126
126	144	136
199	162	144
199	175	162
241	201	237
165	201	241
165	184	201
165	160	184
165	141	160
126	141	165
126	137	141
126	130	137
126	132	130
244	215	199
244	238	215
244	289	238
363	378	244
244	378	289
244	278	363
144	138	193
144	193	244
199	144	244
165	241	163
126	143	138
165	163	143
144	126	138
244	193	261
126	165	143
278	244	261
278	261	379
363	278	379
548	545	550
513	505	495
548	550	552
534	545	548
477	489	480
340	354	348
325	340	348
250	279	325
480	464	477
495	490	471
490	495	505
365	367	387
348	354	365
420	378	363
420	412	378
420	425	412
436	425	420
495	471	461
436	420	379
363	379	420
442	430	451
193	140	177
417	442	384
417	430	442
384	401	417
387	401	384
384	365	387
384	348	365
348	384	311
245	316	261
311	325	348
114	155	174
114	174	190
522	489	517
311	250	325
140	167	177
239	206	233
233	241	250
232	295	304
190	206	239
140	193	138
239	250	311
140	127	167
239	233	250
518	524	513
540	531	547
524	518	547
518	513	495
531	524	547
480	489	522
518	495	486
495	461	486
232	211	295
480	522	483
551	540	547
551	547	559
559	554	551
461	404	486
461	436	404
555	554	559
552	555	559
111	127	140
548	552	559
548	559	549
404	436	379
549	534	548
111	140	122
219	232	245
534	549	522
219	211	232
219	245	261
522	523	534
114	111	122
483	464	480
114	122	138
261	404	379
316	344	404
114	138	143
114	143	148
193	219	261
464	483	442
114	148	155
295	344	316
261	316	404
517	523	522
211	219	167
451	464	442
127	211	167
177	219	193
304	295	316
122	149	138
149	122	131
140	131	122
131	140	153
140	170	153
138	170	140
138	149	170
177	167	173
177	173	195
177	222	219
177	195	222
219	173	167
219	222	173
330	320	316
304	316	320
304	236	232
304	320	236
232	236	245
236	253	245
245	253	316
316	253	330
402	410	422
399	402	426
305	349	368
391	433	410
382	410	402
307	305	353
368	391	410
377	382	402
353	305	368
368	393	391
338	353	382
353	368	382
338	307	353
368	349	393
377	402	399
338	382	377
399	424	400
391	411	433
382	368	410
391	393	411
377	399	400
351	377	400
381	400	424
424	407	381
372	357	381
392	372	407
381	337	351
392	407	421
392	421	416
381	351	400
407	372	381
369	416	405
369	392	416
557	538	532
520	535	543
557	532	536
537	543	561
526	510	538
565	564	561
538	510	509
538	509	532
535	499	528
543	560	561
405	429	397
398	397	447
535	556	543
543	556	560
535	528	556
532	511	536
405	416	429
397	429	447
532	509	511
536	511	514
429	452	447
510	476	509
560	565	561
511	491	514
429	416	455
556	528	558
429	455	452
528	541	558
416	448	455
509	476	511
556	558	560
511	466	491
447	452	474
511	476	466
560	563	565
491	467	514
491	466	467
558	563	560
452	455	479
476	456	466
452	479	474
565	562	564
448	479	455
448	475	479
474	479	503
565	563	562
541	553	558
476	444	456
467	466	450
563	558	553
474	503	516
466	456	450
450	438	467
467	438	413
533	553	541
456	444	431
563	553	562
533	542	553
479	520	503
526	542	533
456	431	450
475	501	479
562	557	564
479	501	520
562	553	557
516	503	537
499	501	475
450	419	438
431	419	450
503	520	537
438	415	413
408	431	444
564	557	536
526	538	542
438	419	415
542	538	553
520	543	537
501	535	520
553	538	557
499	535	501
431	408	396
431	396	419
460	454	443
476	510	492
459	492	460
527	519	515
476	492	459
528	499	519
459	460	440
440	460	443
507	515	484
527	515	507
444	476	459
541	519	527
541	528	519
440	443	411
444	459	440
441	407	424
508	527	507
421	407	446
446	407	441
403	440	411
533	541	527
533	527	508
408	444	440
403	408	440
448	416	421
525	533	508
446	441	463
448	421	446
463	441	470
481	508	468
475	448	446
526	533	525
475	446	463
494	525	508
496	463	470
494	508	481
499	463	496
475	463	499
526	525	494
496	470	488
510	526	494
492	510	494
515	488	484
460	481	454
460	494	481
519	496	488
499	496	519
492	494	460
519	488	515
169	178	179
345	392	225
284	341	227
112	107	119
117	109	112
247	179	231
119	107	108
231	179	228
256	205	230
345	225	192
108	113	119
351	337	291
192	139	220
291	263	256
194	169	209
119	113	125
209	179	247
133	125	168
156	189	134
146	128	169
223	189	156
256	263	205
169	133	178
128	133	169
108	90	113
109	107	112
291	337	263
178	168	216
205	212	230
227	189	223
92	107	109
134	92	109
107	87	108
337	257	263
189	92	134
90	83	113
87	81	108
81	90	108
92	87	107
392	369	225
307	266	305
220	139	171
369	284	225
92	189	102
381	357	337
227	172	189
164	128	146
209	169	179
189	172	102
212	164	194
164	117	128
285	266	252
83	125	113
83	88	125
92	102	87
337	357	257
70	87	102
83	90	67
307	256	266
83	67	88
263	220	205
171	117	164
75	88	67
172	78	102
159	78	172
266	212	252
252	194	247
263	257	220
194	146	169
338	256	307
212	171	164
205	171	212
225	223	192
256	230	266
257	357	269
133	168	178
357	345	269
372	345	357
338	291	256
171	139	117
194	164	146
252	212	194
377	351	338
372	392	345
257	192	220
284	223	225
223	156	192
128	119	133
179	178	228
266	230	212
220	171	205
247	194	209
257	269	192
192	156	139
351	291	338
178	216	228
117	112	128
369	341	284
128	112	119
405	341	369
133	119	125
139	109	117
284	227	223
139	134	109
345	192	269
156	134	139
105	80	76
129	188	88
129	88	89
196	188	129
100	105	76
158	129	105
89	88	75
105	89	80
158	196	129
118	158	105
129	89	105
135	115	106
118	105	100
86	135	106
100	76	66
185	218	176
115	176	118
203	196	158
185	176	115
73	106	100
73	86	106
100	115	118
135	185	115
176	203	158
218	235	203
218	203	176
176	158	118
106	115	100
124	84	85
86	84	124
331	324	322
301	260	286
301	255	260
77	91	82
84	71	85
77	78	91
85	74	79
235	218	255
286	260	224
85	71	74
86	72	84
260	255	221
255	218	217
260	221	224
78	103	91
255	217	221
142	91	103
91	142	82
82	142	186
217	208	221
142	213	186
221	200	224
186	213	214
218	185	217
221	208	200
214	254	243
217	185	208
254	298	243
243	298	322
298	334	322
224	200	150
208	185	145
331	329	324
185	135	145
270	267	313
208	145	124
208	124	200
329	301	324
200	124	150
329	313	301
313	267	292
150	124	110
135	124	145
313	292	301
301	286	324
150	110	79
267	235	292
135	86	124
124	85	110
292	235	255
110	85	79
292	255	301
19	10	6
9	12	20
17	25	12
84	72	71
18	7	10
12	25	20
10	7	6
17	23	33
22	7	18
79	74	62
22	13	7
17	33	37
20	25	31
17	37	25
7	3	6
16	13	22
20	31	40
74	51	62
71	57	74
74	57	51
25	37	31
7	4	3
6	3	1
71	55	57
71	72	55
42	37	33
7	13	4
31	37	44
31	44	40
3	2	1
57	49	51
3	4	2
57	55	49
14	13	16
62	51	26
13	8	4
44	50	40
72	52	55
49	55	41
42	59	37
13	14	8
4	8	2
37	59	44
55	52	41
63	59	42
8	5	2
44	56	50
49	32	51
44	59	56
51	32	26
41	32	49
14	15	8
2	5	1
50	56	77
52	36	41
41	36	32
8	11	5
63	70	59
5	9	1
8	15	11
26	32	19
50	77	82
59	78	56
5	11	17
5	17	9
78	77	56
32	18	19
15	23	11
59	70	78
32	36	18
17	12	9
11	23	17
70	102	78
18	10	19
36	22	18
48	46	61
75	67	58
89	65	80
81	68	60
48	80	65
58	45	48
48	35	46
80	48	76
58	67	45
61	76	48
45	39	29
65	58	48
60	47	39
90	60	67
60	68	47
81	60	90
45	30	35
75	58	65
48	45	35
60	39	45
45	29	30
67	60	45
89	75	65
54	47	68
22	36	27
33	38	42
54	42	38
28	35	30
16	27	28
69	54	68
16	22	27
21	16	28
63	42	54
21	28	30
63	54	69
87	68	81
73	100	66
69	68	87
29	21	30
66	76	61
64	73	66
70	63	69
72	86	73
14	16	21
70	69	87
14	21	15
64	72	73
15	21	29
43	66	61
43	64	66
53	64	43
52	72	64
52	64	53
24	15	29
38	29	39
43	61	46
24	29	38
23	15	24
38	39	47
34	43	46
34	53	43
54	38	47
36	52	53
34	46	35
36	53	34
33	24	38
23	24	33
28	34	35
27	34	28
36	34	27
207	188	196
235	207	203
267	270	235
270	207	235
203	207	196
287	317	312
262	234	287
202	198	248
103	78	159
362	350	359
213	142	202
287	248	317
346	350	362
213	202	234
297	287	327
297	262	287
103	159	198
359	312	364
362	359	397
334	327	350
202	248	234
364	341	405
248	227	341
159	172	227
334	350	346
323	327	334
262	213	234
323	297	327
317	341	364
397	364	405
254	262	297
254	213	262
287	312	359
317	248	341
202	142	198
298	254	297
214	213	254
298	297	323
142	103	198
198	159	227
362	397	398
327	359	350
334	298	323
312	317	364
198	227	248
331	334	329
287	359	327
287	234	248
331	322	334
359	364	397
50	150	79
322	50	243
243	50	214
214	50	186
324	286	50
50	224	150
286	224	50
186	50	82
40	50	20
20	50	9
9	50	1
322	324	50
19	50	26
1	50	6
6	50	19
26	50	62
62	50	79
356	403	361
252	296	285
247	296	252
266	285	305
336	356	361
336	361	333
333	361	349
393	403	411
296	336	333
285	333	349
361	403	393
390	408	403
349	361	393
285	349	305
285	296	333
356	390	403
356	315	339
315	231	274
336	315	356
396	390	376
274	231	228
274	228	216
315	296	231
389	376	374
415	389	413
339	274	303
390	356	376
296	247	231
303	274	271
415	396	389
413	389	374
419	396	415
339	315	274
376	339	374
376	356	339
374	303	271
374	339	303
296	315	336
390	396	408
271	274	216
396	376	389
454	481	468
410	433	435
402	422	449
435	454	468
433	443	454
426	402	449
435	468	458
426	449	470
449	484	488
411	443	433
441	426	470
422	410	435
424	426	441
484	468	508
470	449	488
424	399	426
422	458	449
484	508	507
458	468	484
435	433	454
435	458	422
449	458	484
516	537	413
362	270	313
188	168	125
346	362	313
398	270	362
207	168	188
514	467	413
334	346	313
398	207	270
413	271	216
413	374	271
398	168	207
536	514	413
561	564	413
413	216	168
447	168	398
564	536	413
474	168	447
329	334	313
188	125	88
537	561	413
516	168	474
516	413	168
310	302	314
319	321	326
332	319	326
310	319	332
310	314	319
275	265	276
275	273	272
265	366	276
268	275	272
268	265	275
258	265	268
265	258	251
240	265	251
276	366	383
265	240	249
259	265	249
366	265	259
366	259	277
366	277	282
294	366	282
347	332	358
383	380	358
380	347	358
294	332	347
366	347	380
347	366	294
294	310	332
310	294	302
380	383	366