8
franka_hand
V
-0.0315200000000000	-0.000562000000000000	0.00100000000000000
-0.0315050000000000	0.00112100000000000	0.00650000000000000
-0.0305820000000000	-0.000471000000000000	0.00400000000000000
-0.0305490000000000	0.000479000000000000	0.00749500000000000
-0.0299240000000000	0.00991700000000000	0.00650000000000000
-0.0298930000000000	-0.00655100000000000	0
-0.0290680000000000	-0.00385000000000000	0.00400000000000000
-0.0286460000000000	0.0107690000000000	0
-0.0283340000000000	0.000304000000000000	0.00400000000000000
-0.0277720000000000	0.0371660000000000	-0.00621700000000000
-0.0277570000000000	0.0353380000000000	0.000987000000000000
-0.0277250000000000	-0.00184800000000000	0
-0.0273150000000000	0.0348650000000000	-0.00511500000000000
-0.0271460000000000	-0.0160280000000000	0.00650000000000000
-0.0268340000000000	0.0165460000000000	0.00100000000000000
-0.0263310000000000	0.00300600000000000	0
-0.0262270000000000	-0.0174910000000000	0.00100000000000000
-0.0262250000000000	-0.00307600000000000	0.00400000000000000
-0.0259130000000000	-0.00545700000000000	0.00750000000000000
-0.0258650000000000	0.0749480000000000	-0.00541600000000000
-0.0256420000000000	0.0785190000000000	0.00355200000000000
-0.0251310000000000	0.0349990000000000	-0.00746300000000000
-0.0249180000000000	0.00553800000000000	0.00750000000000000
-0.0246970000000000	0.00331100000000000	0.00400000000000000
-0.0245360000000000	0.0857920000000000	-0.00130900000000000
-0.0245040000000000	0.0847400000000000	0.0103750000000000
-0.0240530000000000	-0.00550500000000000	0.00400000000000000
-0.0236720000000000	0.00537800000000000	0.00400000000000000
-0.0235140000000000	0.0781480000000000	-0.00705800000000000
-0.0231580000000000	0.0902260000000000	0.00214400000000000
-0.0224810000000000	0.0936850000000000	0.0114100000000000
-0.0224710000000000	-0.00214800000000000	0
-0.0221420000000000	0.0331180000000000	0.00491800000000000
-0.0220570000000000	0.0695650000000000	0.00496600000000000
-0.0219260000000000	0.00116700000000000	0
-0.0216310000000000	0.0865610000000000	-0.00348600000000000
-0.0215750000000000	-0.00435400000000000	0.00750000000000000
-0.0215150000000000	-0.0217620000000000	0
-0.0205930000000000	0.0311080000000000	-0.00554400000000000
-0.0205880000000000	0.0969620000000000	0.0302800000000000
-0.0201930000000000	0.0940680000000000	0.00757300000000000
-0.0200860000000000	0.00255700000000000	0.00400000000000000
-0.0200220000000000	-0.00243000000000000	0.00400000000000000
-0.0200140000000000	0.0299970000000000	0.00385800000000000
-0.0196740000000000	0.0744950000000000	0.0107700000000000
-0.0196370000000000	0.0971750000000000	0.0229170000000000
-0.0194430000000000	-7.30000000000000e-05	0.00750000000000000
-0.0193280000000000	0.0922700000000000	0.0533070000000000
-0.0187200000000000	0.0325600000000000	0.00871700000000000
-0.0185450000000000	0.0811300000000000	0.0286650000000000
-0.0182480000000000	-0.0845490000000000	0.00954800000000000
-0.0182410000000000	-0.0918870000000000	0.0544770000000000
-0.0180690000000000	0.0983430000000000	0.0528560000000000
-0.0180670000000000	0.0264120000000000	0.00779900000000000
-0.0178560000000000	-0.0265550000000000	0.00779700000000000
-0.0177210000000000	0.0291880000000000	0.0107890000000000
-0.0177190000000000	-0.0686900000000000	0.0118370000000000
-0.0176240000000000	-0.0695130000000000	0.0263840000000000
-0.0175980000000000	-0.0715340000000000	0.0247000000000000
-0.0175920000000000	0.0267300000000000	-0.00497800000000000
-0.0175230000000000	0.0675130000000000	0.0113660000000000
-0.0174920000000000	0.0693320000000000	0.0131090000000000
-0.0174870000000000	0.0719870000000000	0.0231150000000000
-0.0174840000000000	0.0690020000000000	0.0264150000000000
-0.0173880000000000	-0.0975800000000000	0.0522880000000000
-0.0173530000000000	0.0883680000000000	0.0633090000000000
-0.0173420000000000	0.0252450000000000	0.00755700000000000
-0.0171350000000000	0.0996690000000000	0.0508210000000000
-0.0170960000000000	-0.0917580000000000	0.00828100000000000
-0.0169320000000000	0.0271770000000000	-0.00669400000000000
-0.0169080000000000	-0.0888400000000000	0.0638200000000000
-0.0168840000000000	0.0995350000000000	0.0397200000000000
-0.0168060000000000	-0.0929590000000000	0.0616080000000000
-0.0166540000000000	-0.0819670000000000	-0.00494400000000000
-0.0165370000000000	-0.0273960000000000	-0.00670900000000000
-0.0164010000000000	0.0919710000000000	0.0638200000000000
-0.0163950000000000	-0.0981590000000000	0.0363910000000000
-0.0161330000000000	0.0276360000000000	0.00844300000000000
-0.0161150000000000	-0.0885870000000000	-0.00133800000000000
-0.0160380000000000	-0.0271870000000000	0.00100500000000000
-0.0159860000000000	0.0277200000000000	0.00932000000000000
-0.0159530000000000	-0.0272810000000000	0.00749400000000000
-0.0159000000000000	0.0992320000000000	0.0558240000000000
-0.0157530000000000	-0.0868390000000000	0.0651230000000000
-0.0154520000000000	0.0277740000000000	0.00818000000000000
-0.0154130000000000	-0.0349530000000000	0.00679600000000000
-0.0153830000000000	0.0280590000000000	0.00966400000000000
-0.0153250000000000	0.0899420000000000	0.0653270000000000
-0.0153170000000000	-0.0280970000000000	0.00874200000000000
-0.0153130000000000	0.0297650000000000	-0.00819700000000000
-0.0152700000000000	-0.0281220000000000	0.0100870000000000
-0.0152620000000000	0.0281240000000000	0.00100000000000000
-0.0152580000000000	0.0308210000000000	0.0107380000000000
-0.0152550000000000	-0.0715900000000000	0.0242340000000000
-0.0152550000000000	-0.0693070000000000	0.0132060000000000
-0.0152550000000000	-0.0663860000000000	0.0110700000000000
-0.0152550000000000	0.0663070000000000	0.0110610000000000
-0.0152550000000000	0.0701600000000000	0.0258270000000000
-0.0152550000000000	0.0719620000000000	0.0221360000000000
-0.0151560000000000	0.0277200000000000	0.00932000000000000
-0.0151090000000000	0.00479300000000000	0
-0.0150290000000000	0.0278380000000000	0.0100270000000000
-0.0150230000000000	-0.0278480000000000	0.0101150000000000
-0.0150010000000000	0.0282550000000000	0.00908500000000000
-0.0149910000000000	-0.0282440000000000	0.00911300000000000
-0.0149900000000000	-0.0871390000000000	-0.00398500000000000
-0.0149600000000000	-0.0942890000000000	0.00839600000000000
-0.0148500000000000	-0.0913850000000000	0.0652770000000000
-0.0148430000000000	0.0284320000000000	0.00753900000000000
-0.0148390000000000	-0.0284370000000000	0.00753200000000000
-0.0148070000000000	-0.0931330000000000	0.0644350000000000
-0.0147580000000000	-0.000813000000000000	-0.00250000000000000
-0.0145270000000000	-0.0997030000000000	0.0419850000000000
-0.0144870000000000	-0.100035000000000	0.0548920000000000
-0.0142350000000000	-0.0797440000000000	-0.00753500000000000
-0.0140960000000000	-0.0973160000000000	0.0216900000000000
-0.0140260000000000	0.0294120000000000	0.00100000000000000
-0.0138110000000000	-0.0288690000000000	-0.00572900000000000
-0.0137470000000000	-0.0912970000000000	0.000117000000000000
-0.0136960000000000	0.0936400000000000	0.0646750000000000
-0.0135990000000000	-0.00809700000000000	-0.00149300000000000
-0.0129850000000000	-0.0994580000000000	0.0577070000000000
-0.0128870000000000	-0.00912000000000000	0
-0.0127500000000000	-0.0360000000000000	-0.00578200000000000
-0.0126720000000000	-0.0325520000000000	0.00100000000000000
-0.0126500000000000	-0.0358920000000000	0.00100900000000000
-0.0126160000000000	0.0329650000000000	0.00750000000000000
-0.0125990000000000	-0.0330290000000000	0.00750000000000000
-0.0125980000000000	-0.0360000000000000	0.00575000000000000
-0.0125780000000000	0.0332250000000000	0.00100000000000000
-0.0125280000000000	-0.0545120000000000	0.00105800000000000
-0.0124560000000000	0.0548500000000000	0.00105900000000000
-0.0124310000000000	-0.0928400000000000	0.0654470000000000
-0.0124020000000000	0.00977000000000000	-0.00148900000000000
-0.0112830000000000	0.0661330000000000	0.0584030000000000
-0.0112830000000000	0.0661330000000000	0.0658030000000000
-0.0108310000000000	-0.0665940000000000	0.0584110000000000
-0.0108310000000000	-0.0665940000000000	0.0658110000000000
-0.0106700000000000	-0.0116360000000000	-0.00149100000000000
-0.00960600000000000	0.0125290000000000	-0.00149000000000000
-0.00895400000000000	-0.0303030000000000	0.00100000000000000
-0.00843900000000000	0.0308930000000000	0.00100000000000000
-0.00839500000000000	-0.0343630000000000	0.00100600000000000
-0.00811000000000000	-0.0309700000000000	-0.00686200000000000
-0.00726900000000000	-0.0539650000000000	0.00105800000000000
-0.00697900000000000	0.0999010000000000	0.0586940000000000
-0.00580900000000000	-0.0330130000000000	-0.00839900000000000
-0.00577900000000000	-0.100242000000000	0.0581610000000000
-0.00567900000000000	-0.0454940000000000	-0.0211320000000000
-0.00562500000000000	-0.0520630000000000	-0.0213010000000000
-0.00560200000000000	-0.0832080000000000	-0.0202790000000000
-0.00544500000000000	-0.0472280000000000	-0.0213680000000000
-0.00540100000000000	-0.0758210000000000	-0.0201980000000000
-0.00538100000000000	-0.0633910000000000	-0.0201810000000000
-0.00527700000000000	-0.0625810000000000	-0.0216920000000000
-0.00514600000000000	-0.0625960000000000	-0.0182640000000000
-0.00509000000000000	0.0539670000000000	0.00105900000000000
-0.00507400000000000	-0.0827780000000000	-0.0226410000000000
-0.00482400000000000	-0.0454940000000000	-0.0169740000000000
-0.00481000000000000	-0.0653880000000000	-0.0197840000000000
-0.00475200000000000	-0.0837420000000000	-0.0173170000000000
-0.00474900000000000	0.0331840000000000	-0.00841700000000000
-0.00469700000000000	0.0312470000000000	0.00100000000000000
-0.00462800000000000	-0.0758150000000000	-0.0229510000000000
-0.00461600000000000	-0.0882950000000000	-0.0204270000000000
-0.00460900000000000	-0.0520040000000000	-0.0182880000000000
-0.00450600000000000	-0.0681040000000000	-0.0195180000000000
-0.00440600000000000	-0.0758370000000000	-0.0170370000000000
-0.00432900000000000	-0.0715050000000000	-0.0181890000000000
-0.00429800000000000	-0.0478640000000000	-0.0211580000000000
-0.00410600000000000	-0.0634050000000000	-0.0236520000000000
-0.00400000000000000	-0.0925440000000000	0.00198600000000000
-0.00400000000000000	-0.0841460000000000	-0.00650600000000000
-0.00400000000000000	-0.0450700000000000	-0.00843000000000000
-0.00393000000000000	-0.0886130000000000	-0.0183720000000000
-0.00390200000000000	-0.0658010000000000	-0.0227580000000000
-0.00384400000000000	-0.0653370000000000	-0.0171150000000000
-0.00374300000000000	-0.0686040000000000	-0.0226800000000000
-0.00368200000000000	-0.0547580000000000	-0.0184020000000000
-0.00367200000000000	-0.0625870000000000	-0.0160820000000000
-0.00361700000000000	-0.0987990000000000	-0.0142370000000000
-0.00359700000000000	-0.102785000000000	-0.00671000000000000
-0.00359700000000000	-0.0709360000000000	-0.0226660000000000
-0.00358100000000000	-0.0999720000000000	0.0135950000000000
-0.00354800000000000	-0.0473860000000000	-0.0246860000000000
-0.00354000000000000	-0.102132000000000	0.00928300000000000
-0.00353100000000000	-0.0154070000000000	-0.00150500000000000
-0.00351200000000000	-0.0706820000000000	-0.0169710000000000
-0.00329100000000000	-0.0450570000000000	-0.0144900000000000
-0.00325300000000000	-0.0679830000000000	-0.0165440000000000
-0.00323900000000000	-0.101441000000000	-0.0123490000000000
-0.00314300000000000	-0.0832340000000000	-0.0248330000000000
-0.00314200000000000	-0.0967260000000000	0.0172140000000000
-0.00304500000000000	-0.0468720000000000	-0.0249040000000000
-0.00301300000000000	-0.0821930000000000	-0.0153490000000000
-0.00300000000000000	-0.0520910000000000	-0.0171140000000000
-0.00280300000000000	-0.0522290000000000	-0.0151640000000000
-0.00278600000000000	-0.0471410000000000	-0.0153510000000000
-0.00275700000000000	-0.0455320000000000	-0.0159530000000000
-0.00268600000000000	-0.0758500000000000	-0.0248730000000000
-0.00263800000000000	-0.0625840000000000	-0.0250020000000000
-0.00263800000000000	-0.0556440000000000	-0.0195590000000000
-0.00262900000000000	0.0145530000000000	-0.00250000000000000
-0.00254600000000000	-0.0520540000000000	-0.0244300000000000
-0.00250200000000000	-0.0548280000000000	-0.0170540000000000
-0.00235400000000000	-0.0758210000000000	-0.0153110000000000
-0.00231200000000000	-0.102825000000000	-0.00783300000000000
-0.00230300000000000	-0.0475160000000000	-0.0149650000000000
-0.00225000000000000	-0.100399000000000	-0.0136060000000000
-0.00221900000000000	-0.0478420000000000	-0.0239770000000000
-0.00221100000000000	-0.102564000000000	0.00805300000000000
-0.00218800000000000	-0.0479370000000000	-0.0163290000000000
-0.00216200000000000	-0.0966350000000000	0.0171810000000000
-0.00209200000000000	-0.0548440000000000	-0.0216160000000000
-0.00197200000000000	-0.0454940000000000	-0.0147230000000000
-0.00196700000000000	-0.0810000000000000	-0.0207160000000000
-0.00192000000000000	-0.0962980000000000	0.0158150000000000
-0.00189900000000000	-0.100348000000000	-0.0134150000000000
-0.00189800000000000	-0.100390000000000	0.0130030000000000
-0.00189600000000000	-0.0970870000000000	0.0190680000000000
-0.00182700000000000	-0.100759000000000	-0.00904100000000000
-0.00177400000000000	-0.0961480000000000	0.0151400000000000
-0.00165700000000000	-0.0712150000000000	-0.0242000000000000
-0.00164500000000000	-0.0886120000000000	-0.0242210000000000
-0.00163400000000000	-0.0966960000000000	0.0177710000000000
-0.00153400000000000	-0.0995040000000000	0.0101220000000000
-0.00151900000000000	-0.0958010000000000	-0.0189450000000000
-0.00151300000000000	-0.0969200000000000	0.0188680000000000
-0.00145100000000000	0.0157610000000000	0
-0.00139000000000000	-0.0547240000000000	-0.0240390000000000
-0.00133200000000000	-0.0963350000000000	-0.0149140000000000
-0.00132200000000000	-0.0625920000000000	-0.0148430000000000
-0.00131700000000000	-0.0655480000000000	-0.0156510000000000
-0.00130000000000000	-0.0320230000000000	-0.00693600000000000
-0.00130000000000000	-0.0320230000000000	-0.00602700000000000
-0.00130000000000000	0.0320220000000000	0.00100000000000000
-0.00130000000000000	0.0320230000000000	-0.00693600000000000
-0.00117100000000000	-0.0660980000000000	-0.0250880000000000
-0.00106300000000000	-0.103082000000000	0.00949600000000000
-0.00102300000000000	-0.0714950000000000	-0.0155230000000000
-0.000981000000000000	-0.0959100000000000	0.0142820000000000
-0.000980000000000000	-0.0997040000000000	0.00866100000000000
-0.000791000000000000	-0.0687110000000000	-0.0246960000000000
-0.000679000000000000	-0.0884900000000000	-0.0220360000000000
-0.000663000000000000	-0.0965520000000000	-0.0144260000000000
-0.000662000000000000	-0.0682720000000000	-0.0157770000000000
-0.000654000000000000	-0.101289000000000	-0.0142410000000000
-0.000640000000000000	-0.0988920000000000	-0.0106510000000000
-0.000636000000000000	-0.0454940000000000	-0.0259110000000000
-0.000507000000000000	-0.0520870000000000	-0.0244640000000000
-0.000487000000000000	-0.0758150000000000	-0.0255550000000000
-0.000465000000000000	-0.103905000000000	-0.00685000000000000
-0.000260000000000000	-0.0804050000000000	-0.0144320000000000
-0.000236000000000000	-0.0554440000000000	-0.0202200000000000
-0.000198000000000000	-0.100079000000000	0.0157080000000000
-6.40000000000000e-05	-0.0883010000000000	-0.0155300000000000
-1.30000000000000e-05	-0.0758170000000000	-0.0147760000000000
0	-0.0999830000000000	0.00535800000000000
0	-0.0999620000000000	-0.00670600000000000
0	-0.0990080000000000	-0.0105350000000000
0	-0.0986080000000000	0.0608770000000000
0	-0.0970740000000000	0.0195930000000000
0	-0.0970390000000000	0.0194400000000000
0	-0.0958060000000000	0.0140470000000000
0	-0.0319990000000000	-0.00700800000000000
0	0.0319990000000000	-0.00700800000000000
0	0.0934060000000000	0.0656520000000000
4.00000000000000e-05	-0.0979820000000000	-0.0182300000000000
0.000106000000000000	-0.0548440000000000	-0.0177910000000000
0.000134000000000000	-0.0928050000000000	-0.0168410000000000
0.000216000000000000	-0.102633000000000	0.0115910000000000
0.000244000000000000	-0.0812740000000000	-0.0259020000000000
0.000282000000000000	-0.0810000000000000	-0.0180990000000000
0.000301000000000000	-0.0880840000000000	-0.0248880000000000
0.000405000000000000	-0.0939870000000000	-0.0206630000000000
0.000431000000000000	-0.0983250000000000	-0.0116700000000000
0.000534000000000000	-0.0556440000000000	-0.0204490000000000
0.000644000000000000	-0.0547250000000000	-0.0161260000000000
0.000691000000000000	-0.0499550000000000	-0.0258860000000000
0.000732000000000000	-0.0959590000000000	0.0144210000000000
0.000765000000000000	-0.103179000000000	-0.0100240000000000
0.000788000000000000	-0.0548440000000000	-0.0227670000000000
0.000920000000000000	-0.0625880000000000	-0.0255800000000000
0.000981000000000000	-0.0959100000000000	0.0142820000000000
0.00105800000000000	-0.0474170000000000	-0.0145460000000000
0.00112600000000000	-0.100281000000000	-0.00645700000000000
0.00113400000000000	-0.0912120000000000	-0.0213290000000000
0.00128900000000000	-0.0657950000000000	-0.0246810000000000
0.00129900000000000	-0.0478590000000000	-0.0159660000000000
0.00130000000000000	-0.0320230000000000	-0.00693600000000000
0.00130000000000000	-0.0320230000000000	-0.00602700000000000
0.00130000000000000	0.0320220000000000	0.00100100000000000
0.00130000000000000	0.0320230000000000	-0.00693600000000000
0.00131300000000000	-0.0706830000000000	-0.0247590000000000
0.00142900000000000	-0.0520930000000000	-0.0242600000000000
0.00144300000000000	-0.103376000000000	0.00630700000000000
0.00145200000000000	-0.0157610000000000	0
0.00148800000000000	-0.0966780000000000	0.0179840000000000
0.00151300000000000	-0.0969200000000000	0.0188680000000000
0.00151400000000000	-0.0454940000000000	-0.0257590000000000
0.00153400000000000	-0.0995040000000000	0.0101220000000000
0.00153600000000000	-0.0467870000000000	-0.0146420000000000
0.00163100000000000	-0.0994700000000000	0.0152030000000000
0.00164700000000000	-0.0969850000000000	-0.0179230000000000
0.00165700000000000	-0.100759000000000	0.00695700000000000
0.00175000000000000	-0.0520540000000000	-0.0155250000000000
0.00175300000000000	-0.0682660000000000	-0.0242630000000000
0.00177400000000000	-0.0961480000000000	0.0151400000000000
0.00182700000000000	-0.100759000000000	-0.00904100000000000
0.00182900000000000	-0.0652940000000000	-0.0153700000000000
0.00189600000000000	-0.0970870000000000	0.0190680000000000
0.00189800000000000	-0.0929690000000000	-0.0181860000000000
0.00194800000000000	-0.0962320000000000	0.0158630000000000
0.00195900000000000	-0.100607000000000	-0.0125810000000000
0.00204100000000000	-0.0810000000000000	-0.0201740000000000
0.00206400000000000	-0.0680970000000000	-0.0160830000000000
0.00211500000000000	-0.0146690000000000	-0.00250000000000000
0.00216200000000000	-0.0966350000000000	0.0171810000000000
0.00221100000000000	-0.102564000000000	0.00805300000000000
0.00225000000000000	-0.100399000000000	-0.0136060000000000
0.00226500000000000	-0.0520900000000000	-0.0165230000000000
0.00231000000000000	-0.0548440000000000	-0.0207940000000000
0.00231200000000000	-0.102825000000000	-0.00783300000000000
0.00238200000000000	-0.0758200000000000	-0.0250200000000000
0.00240100000000000	-0.0626380000000000	-0.0155150000000000
0.00244600000000000	-0.0548440000000000	-0.0189870000000000
0.00260000000000000	-0.0885330000000000	-0.0237680000000000
0.00275500000000000	-0.0454940000000000	-0.0150340000000000
0.00285900000000000	-0.0837360000000000	-0.0154220000000000
0.00291200000000000	-0.0758300000000000	-0.0156150000000000
0.00294300000000000	-0.0520580000000000	-0.0161940000000000
0.00294500000000000	-0.0828050000000000	-0.0249840000000000
0.00300200000000000	-0.0478640000000000	-0.0234050000000000
0.00314200000000000	-0.0967260000000000	0.0172140000000000
0.00319600000000000	-0.0547450000000000	-0.0227260000000000
0.00321100000000000	-0.0520920000000000	-0.0238350000000000
0.00323900000000000	-0.101441000000000	-0.0123490000000000
0.00329100000000000	-0.0450570000000000	-0.0144900000000000
0.00336600000000000	-0.0886350000000000	-0.0174470000000000
0.00339300000000000	-0.0711030000000000	-0.0229300000000000
0.00354000000000000	-0.102132000000000	0.00928300000000000
0.00356300000000000	-0.0633940000000000	-0.0242140000000000
0.00358100000000000	-0.0999720000000000	0.0135950000000000
0.00359700000000000	-0.102785000000000	-0.00671000000000000
0.00361700000000000	-0.0987990000000000	-0.0142370000000000
0.00362800000000000	-0.0706800000000000	-0.0171030000000000
0.00377000000000000	-0.0682160000000000	-0.0178000000000000
0.00383500000000000	-0.0547940000000000	-0.0188630000000000
0.00400000000000000	-0.0925440000000000	0.00198600000000000
0.00400000000000000	-0.0841460000000000	-0.00650600000000000
0.00400000000000000	-0.0450700000000000	-0.00843000000000000
0.00400500000000000	-0.0653790000000000	-0.0228720000000000
0.00403600000000000	-0.0467830000000000	-0.0242590000000000
0.00434600000000000	-0.0474170000000000	-0.0239050000000000
0.00434900000000000	-0.0709500000000000	-0.0205460000000000
0.00440300000000000	-0.0478420000000000	-0.0201960000000000
0.00440400000000000	-0.0681120000000000	-0.0213870000000000
0.00451900000000000	-0.0519790000000000	-0.0223000000000000
0.00461700000000000	-0.0882950000000000	-0.0199180000000000
0.00464400000000000	-0.0758210000000000	-0.0229310000000000
0.00466500000000000	-0.0653980000000000	-0.0189670000000000
0.00480600000000000	-0.0758190000000000	-0.0177160000000000
0.00484100000000000	-0.0802400000000000	-0.0170750000000000
0.00489600000000000	-0.0626020000000000	-0.0176490000000000
0.00500300000000000	-0.0824680000000000	-0.0228380000000000
0.00500500000000000	-0.0301870000000000	0
0.00509100000000000	-0.0539660000000000	0.00105900000000000
0.00519500000000000	-0.0633990000000000	-0.0216330000000000
0.00539800000000000	-0.0758180000000000	-0.0203620000000000
0.00560500000000000	-0.0454940000000000	-0.0217060000000000
0.00561900000000000	-0.0521080000000000	-0.0203140000000000
0.00565800000000000	-0.0474700000000000	-0.0207920000000000
0.00565900000000000	-0.0826430000000000	-0.0200020000000000
0.00571400000000000	-0.0454940000000000	-0.0192060000000000
0.00573400000000000	-0.0470430000000000	-0.0200830000000000
0.00698000000000000	0.0142060000000000	0
0.00727000000000000	0.0539640000000000	0.00105800000000000
0.00747200000000000	0.0139090000000000	-0.00149100000000000
0.00811000000000000	-0.0309700000000000	-0.00686200000000000
0.00958400000000000	-0.0342170000000000	0.00100400000000000
0.0108130000000000	0.100249000000000	0.0571130000000000
0.0108310000000000	-0.0665940000000000	0.0584110000000000
0.0108310000000000	-0.0665940000000000	0.0658110000000000
0.0109760000000000	0.0300770000000000	-0.00680600000000000
0.0112830000000000	0.0661330000000000	0.0584030000000000
0.0112830000000000	0.0661330000000000	0.0658030000000000
0.0123500000000000	-0.00982900000000000	-0.00149600000000000
0.0124310000000000	-0.0928400000000000	0.0654470000000000
0.0124570000000000	-0.0548490000000000	0.00105900000000000
0.0125290000000000	0.0545110000000000	0.00105800000000000
0.0125640000000000	-0.0358010000000000	0.00100700000000000
0.0125790000000000	-0.0332250000000000	0.00100000000000000
0.0125910000000000	-0.0360000000000000	0.00575000000000000
0.0125990000000000	0.0330290000000000	0.00750000000000000
0.0126170000000000	-0.0329650000000000	0.00750000000000000
0.0126730000000000	0.0325520000000000	0.00100000000000000
0.0127500000000000	-0.0360000000000000	-0.00578200000000000
0.0129850000000000	-0.0994580000000000	0.0577070000000000
0.0130660000000000	-0.00890800000000000	0
0.0130730000000000	0.00889700000000000	-0.00148600000000000
0.0136960000000000	0.0936400000000000	0.0646750000000000
0.0137470000000000	-0.0912970000000000	0.000117000000000000
0.0138110000000000	-0.0288690000000000	-0.00572900000000000
0.0140270000000000	-0.0294120000000000	0.00100000000000000
0.0140960000000000	-0.0973160000000000	0.0216900000000000
0.0142130000000000	0.0292340000000000	0.00100000000000000
0.0142350000000000	-0.0797440000000000	-0.00753500000000000
0.0143990000000000	0.0180380000000000	2.00000000000000e-06
0.0144870000000000	-0.100035000000000	0.0548920000000000
0.0144920000000000	0.00623000000000000	0
0.0145270000000000	-0.0997030000000000	0.0419850000000000
0.0148070000000000	-0.0931330000000000	0.0644350000000000
0.0148440000000000	-0.0284320000000000	0.00753900000000000
0.0148500000000000	-0.0913850000000000	0.0652770000000000
0.0148500000000000	0.0284250000000000	0.00755000000000000
0.0149600000000000	-0.0942890000000000	0.00839600000000000
0.0149800000000000	0.0162470000000000	0.00650000000000000
0.0149900000000000	-0.0871390000000000	-0.00398500000000000
0.0149920000000000	0.0282440000000000	0.00911200000000000
0.0150010000000000	-0.0282550000000000	0.00908500000000000
0.0150230000000000	0.0278480000000000	0.0101150000000000
0.0150300000000000	-0.0278380000000000	0.0100270000000000
0.0151610000000000	0.0277160000000000	0.00930900000000000
0.0151870000000000	0.0281600000000000	0.00100200000000000
0.0152550000000000	-0.0715900000000000	0.0242340000000000
0.0152550000000000	-0.0693070000000000	0.0132060000000000
0.0152550000000000	-0.0663860000000000	0.0110700000000000
0.0152550000000000	0.0663070000000000	0.0110610000000000
0.0152550000000000	0.0701600000000000	0.0258270000000000
0.0152550000000000	0.0719620000000000	0.0221360000000000
0.0152580000000000	0.0308210000000000	0.0107380000000000
0.0152700000000000	-0.0281220000000000	0.0100870000000000
0.0153020000000000	0.0279330000000000	0.00859000000000000
0.0153030000000000	0.0153880000000000	2.00000000000000e-06
0.0153130000000000	0.0297650000000000	-0.00819700000000000
0.0153170000000000	-0.0280970000000000	0.00874200000000000
0.0153250000000000	0.0899420000000000	0.0653270000000000
0.0153830000000000	0.0280590000000000	0.00966400000000000
0.0154130000000000	-0.0349530000000000	0.00679600000000000
0.0157530000000000	-0.0868390000000000	0.0651230000000000
0.0157860000000000	0.000836000000000000	-0.00151900000000000
0.0158580000000000	0.0204280000000000	2.00000000000000e-06
0.0159000000000000	0.0992320000000000	0.0558240000000000
0.0159860000000000	0.0277200000000000	0.00932000000000000
0.0161150000000000	-0.0885870000000000	-0.00133800000000000
0.0161330000000000	0.0276360000000000	0.00844300000000000
0.0163950000000000	-0.0981590000000000	0.0363910000000000
0.0164010000000000	0.0919710000000000	0.0638200000000000
0.0165370000000000	-0.0273960000000000	-0.00670900000000000
0.0166110000000000	0.0147940000000000	0.00650000000000000
0.0166540000000000	-0.0819670000000000	-0.00494400000000000
0.0166830000000000	0.0258130000000000	0.00778700000000000
0.0168060000000000	-0.0929590000000000	0.0616080000000000
0.0169080000000000	-0.0888400000000000	0.0638200000000000
0.0169320000000000	0.0271770000000000	-0.00669400000000000
0.0170960000000000	-0.0917580000000000	0.00828100000000000
0.0171350000000000	0.0996690000000000	0.0508210000000000
0.0173530000000000	0.0883680000000000	0.0633090000000000
0.0173880000000000	-0.0975800000000000	0.0522880000000000
0.0173890000000000	0.0207010000000000	0.00650000000000000
0.0174840000000000	0.0690020000000000	0.0264150000000000
0.0174870000000000	0.0719870000000000	0.0231150000000000
0.0174920000000000	0.0693320000000000	0.0131090000000000
0.0175230000000000	0.0675130000000000	0.0113660000000000
0.0175980000000000	-0.0715340000000000	0.0247000000000000
0.0176240000000000	-0.0695130000000000	0.0263840000000000
0.0177190000000000	-0.0686900000000000	0.0118370000000000
0.0177210000000000	0.0291880000000000	0.0107890000000000
0.0178560000000000	-0.0265550000000000	0.00779700000000000
0.0180670000000000	0.0264120000000000	0.00779900000000000
0.0180690000000000	0.0983430000000000	0.0528560000000000
0.0182410000000000	-0.0918870000000000	0.0544770000000000
0.0182480000000000	-0.0845490000000000	0.00954800000000000
0.0185450000000000	0.0811300000000000	0.0286650000000000
0.0187200000000000	0.0325600000000000	0.00871700000000000
0.0191670000000000	0.0147830000000000	0
0.0193280000000000	0.0922700000000000	0.0533070000000000
0.0196370000000000	0.0971750000000000	0.0229170000000000
0.0196740000000000	0.0744950000000000	0.0107700000000000
0.0196840000000000	-0.00155400000000000	0.00750000000000000
0.0196840000000000	0.00155400000000000	0.00400000000000000
0.0200140000000000	0.0299970000000000	0.00385800000000000
0.0201930000000000	0.0940680000000000	0.00757300000000000
0.0205880000000000	0.0969620000000000	0.0302800000000000
0.0205930000000000	0.0311080000000000	-0.00554400000000000
0.0206360000000000	0.0918510000000000	0.00267500000000000
0.0207200000000000	0.0225220000000000	0
0.0207260000000000	0.0237540000000000	0.00650000000000000
0.0207520000000000	0.0176230000000000	0.00650000000000000
0.0209570000000000	0.0180380000000000	2.00000000000000e-06
0.0216310000000000	0.0865610000000000	-0.00348600000000000
0.0217550000000000	-0.00451100000000000	0.00400000000000000
0.0217550000000000	0.00451100000000000	0.00750000000000000
0.0217670000000000	-0.000712000000000000	0
0.0217790000000000	-0.000709000000000000	0.00400000000000000
0.0220570000000000	0.0695650000000000	0.00496600000000000
0.0221420000000000	0.0331180000000000	0.00491800000000000
0.0224240000000000	0.0832650000000000	-0.00545700000000000
0.0224810000000000	0.0936850000000000	0.0114100000000000
0.0231580000000000	0.0902260000000000	0.00214400000000000
0.0233800000000000	0.0729320000000000	-0.00795000000000000
0.0234750000000000	-0.0210410000000000	0.00100000000000000
0.0235140000000000	0.0781480000000000	-0.00705800000000000
0.0238840000000000	-0.0205760000000000	0.00650000000000000
0.0239000000000000	-0.00309800000000000	0.00400000000000000
0.0245040000000000	0.0847400000000000	0.0103750000000000
0.0245160000000000	-0.00331300000000000	0
0.0245160000000000	0.00331300000000000	0
0.0245360000000000	0.0857920000000000	-0.00130900000000000
0.0249190000000000	-0.00553800000000000	0.00750000000000000
0.0251310000000000	0.0349990000000000	-0.00746300000000000
0.0256420000000000	0.0785190000000000	0.00355200000000000
0.0258650000000000	0.0749480000000000	-0.00541600000000000
0.0261600000000000	0.00544000000000000	0.00400000000000000
0.0265450000000000	-0.0152280000000000	0.00750000000000000
0.0266970000000000	-0.00533800000000000	0.00400000000000000
0.0268090000000000	0.00276600000000000	0.00400000000000000
0.0269000000000000	-0.00270400000000000	0
0.0273150000000000	0.0348650000000000	-0.00511500000000000
0.0277570000000000	0.0353380000000000	0.000987000000000000
0.0277720000000000	0.0371660000000000	-0.00621700000000000
0.0277880000000000	0.00476800000000000	0.00750000000000000
0.0282190000000000	0.000834000000000000	0
0.0284470000000000	-0.0135870000000000	0.00100000000000000
0.0289130000000000	0.0125640000000000	0.00100000000000000
0.0302580000000000	0.00884700000000000	0.00650000000000000
0.0305500000000000	-0.000479000000000000	0.00749500000000000
0.0305820000000000	0.000471000000000000	0.00400000000000000
0.0311200000000000	-0.00503500000000000	0.00100000000000000
0.0312070000000000	-0.00446900000000000	0.00650000000000000
0.0312800000000000	0.00392300000000000	0.00100000000000000
F
140	229	203
139	121	112
187	139	317
1	8	6
17	6	38
80	38	141
489	476	450
460	442	489
442	490	489
490	476	489
101	229	140
101	140	134
101	134	112
101	112	121
123	101	121
123	121	139
187	123	139
19	37	27
27	37	43
42	23	28
47	23	42
37	47	43
43	47	42
528	527	514
510	527	516
516	527	528
527	522	514
507	505	518
523	517	508
505	516	518
518	516	523
516	517	523
12	18	32
35	24	16
18	42	32
32	42	35
42	24	35
487	452	488
487	488	526
525	487	526
531	525	526
531	526	530
529	531	530
524	529	530
524	530	515
502	524	515
502	515	504
404	502	504
404	504	413
434	376	408
507	399	494
529	523	525
35	8	101
8	15	101
101	117	229
101	15	117
494	399	508
38	6	123
399	410	508
523	508	525
404	399	524
442	406	487
141	297	366
229	163	406
141	187	297
524	518	529
38	187	141
404	297	399
408	406	442
6	8	12
376	406	408
508	476	525
524	507	518
410	476	508
12	8	16
476	490	525
518	523	529
524	399	507
38	123	187
229	406	376
525	490	487
123	32	101
6	32	123
410	434	476
229	117	163
32	35	101
410	376	434
366	297	404
442	487	490
6	12	32
16	8	35
24	9	16
16	9	12
9	18	12
495	505	507
517	495	508
508	495	494
494	495	507
396	377	390
145	141	367
145	131	125
145	125	141
510	413	515
480	413	510
452	413	480
452	480	493
526	522	527
526	493	522
488	493	526
452	493	488
527	510	515
38	80	82
38	82	14
17	38	14
6	17	14
6	14	2
1	6	2
1	2	5
8	1	5
15	8	5
15	5	109
117	15	109
23	47	67
5	23	67
2	23	5
4	14	19
19	14	37
14	82	37
47	82	67
37	82	47
396	406	163
163	157	377
163	377	396
117	130	163
404	392	141
125	80	141
517	516	528
505	492	516
517	528	514
495	492	505
481	492	495
481	517	514
481	495	517
522	493	514
481	480	492
480	510	492
514	493	481
493	480	481
492	510	516
3	9	28
42	18	43
18	27	43
18	7	27
24	42	28
3	7	18
3	18	9
28	9	24
3	4	7
23	2	28
28	2	3
4	19	7
7	19	27
2	4	3
399	297	387
399	387	441
410	399	441
410	441	400
376	410	400
376	400	378
229	376	378
441	378	400
441	203	378
387	203	441
134	140	203
317	203	387
112	134	203
112	317	139
112	203	317
105	103	102
67	105	102
67	82	105
419	421	422
413	419	422
452	419	413
127	117	109
130	117	127
82	80	105
105	80	110
80	125	110
110	125	128
395	404	413
392	404	395
452	487	419
419	487	415
487	406	415
406	396	415
415	396	394
476	434	450
450	434	417
434	408	417
417	408	460
408	442	460
417	460	489
417	489	450
109	102	104
109	67	102
2	14	4
109	5	67
413	422	420
530	526	527
530	527	515
504	515	413
404	141	366
502	404	524
531	529	525
317	297	187
317	387	297
203	229	378
130	132	157
389	367	392
367	141	392
130	157	163
397	393	439
379	397	403
259	260	309
309	260	245
309	245	320
309	323	319
301	319	318
320	323	309
301	318	308
299	262	263
311	262	299
438	432	427
431	438	427
431	427	428
439	403	397
439	436	403
133	414	383
133	388	414
386	437	267
267	437	401
414	437	383
383	437	386
351	147	449
407	350	351
407	351	449
511	162	501
435	162	511
148	411	409
262	405	411
262	311	405
311	334	405
409	453	412
459	453	409
472	459	473
459	447	473
447	456	473
398	412	388
456	451	473
445	451	456
148	398	261
459	472	453
261	388	133
261	398	388
453	472	454
412	453	454
409	412	398
477	472	466
463	474	462
461	477	466
506	474	479
477	474	506
466	472	465
461	462	474
474	477	461
463	479	474
469	473	449
473	451	449
464	512	479
512	506	479
469	467	473
468	470	475
470	482	497
512	496	520
473	467	465
473	465	472
470	468	469
497	475	470
467	469	468
475	464	468
496	475	497
475	496	464
464	479	463
520	497	482
496	512	464
520	496	497
521	520	519
482	470	455
485	482	455
482	519	520
519	482	485
506	499	484
512	499	506
509	499	512
381	267	401
448	443	401
267	381	146
513	509	512
381	401	443
471	477	484
448	471	443
448	458	471
471	458	477
506	484	477
503	501	498
483	72	478
478	72	457
457	146	381
457	72	146
454	472	458
472	477	458
512	520	513
520	521	513
418	349	350
416	334	349
405	334	416
402	349	418
418	350	407
416	349	402
350	338	351
344	349	341
345	338	350
341	349	334
345	350	349
345	349	344
470	446	455
444	424	455
446	444	455
469	446	470
403	436	449
291	379	265
436	469	449
403	449	379
455	435	485
519	511	521
519	485	511
485	435	511
501	513	521
501	521	511
498	500	509
503	498	509
483	478	499
500	491	486
500	483	499
498	491	500
486	483	500
509	513	503
500	499	509
501	503	513
484	457	471
484	478	457
443	471	457
443	457	381
484	499	478
448	401	437
448	437	458
454	458	440
458	437	440
440	437	414
414	388	412
454	440	414
412	454	414
449	451	407
418	407	445
456	416	445
445	416	402
445	402	418
451	445	407
405	447	411
447	409	411
409	447	459
447	416	456
409	398	148
405	416	447
301	264	226
301	284	264
301	308	284
258	301	226
319	301	309
309	301	259
301	258	259
436	446	469
436	432	438
438	446	436
435	384	162
455	384	435
162	384	266
147	379	449
147	265	379
467	427	426
425	465	426
465	467	426
466	465	425
461	466	429
466	425	429
430	461	429
462	461	430
428	463	430
463	462	430
464	463	428
427	467	464
428	427	464
468	464	467
345	344	337
343	341	334
345	320	338
320	245	338
343	334	318
319	343	318
341	343	319
319	344	341
323	344	319
337	344	323
337	323	320
345	337	320
291	234	235
265	234	291
124	86	129
144	118	124
189	351	338
189	174	351
221	245	260
221	209	245
259	221	260
207	209	221
226	213	211
226	222	213
228	263	262
220	228	262
87	96	91
93	96	87
93	97	96
86	124	118
86	118	89
383	138	108
133	383	108
386	267	88
267	120	88
386	88	136
108	138	88
138	136	88
174	75	147
174	147	351
115	174	173
115	75	174
22	29	501
22	501	162
90	22	162
148	114	113
262	113	116
411	148	113
262	116	220
262	411	113
220	116	193
114	111	73
65	114	73
52	51	65
65	51	77
77	51	69
122	133	111
69	51	74
79	69	74
65	73	52
261	133	148
73	71	52
148	133	122
111	71	73
114	122	111
48	58	52
62	63	50
64	58	48
26	45	50
48	26	50
58	59	52
64	50	63
50	64	48
62	50	45
55	75	51
51	75	74
61	45	21
21	45	26
55	51	57
56	49	54
54	33	44
21	11	34
51	59	57
51	52	59
54	55	56
33	54	49
57	56	55
49	56	61
34	33	49
49	61	34
61	62	45
11	44	33
34	61	21
11	33	34
10	13	11
44	70	54
39	70	44
70	60	54
44	11	13
13	39	44
26	40	31
21	26	31
25	21	31
146	120	267
76	120	83
20	21	25
146	83	120
53	40	48
76	83	53
76	53	66
53	48	66
26	48	40
491	36	41
36	491	498
498	29	36
483	486	41
41	486	491
29	498	501
483	46	72
46	483	41
68	146	72
71	66	52
52	66	48
21	20	11
11	20	10
106	173	172
107	172	193
116	107	193
119	106	172
106	115	173
107	119	172
173	174	189
182	186	172
181	173	189
186	193	172
181	172	173
181	182	172
54	60	78
60	70	78
81	70	92
78	70	81
55	54	78
118	75	89
291	265	144
89	75	55
118	144	75
70	39	90
13	10	22
13	22	39
39	22	90
29	10	20
29	22	10
36	25	30
29	25	36
41	31	46
30	41	36
30	31	41
25	29	20
30	25	31
68	72	40
40	53	68
40	72	46
83	68	53
83	146	68
40	46	31
76	88	120
76	66	88
71	84	66
66	84	88
84	108	88
108	111	133
71	108	84
111	108	71
75	115	74
106	79	115
69	79	107
79	119	107
79	106	119
74	115	79
116	113	77
77	113	114
114	148	122
114	65	77
77	69	107
116	77	107
226	264	241
226	241	222
207	221	226
211	207	226
221	259	226
226	259	258
89	55	78
89	87	91
87	89	78
90	162	266
90	266	70
147	75	144
147	144	265
57	95	96
94	95	59
59	95	57
58	94	59
64	98	58
58	98	94
99	98	64
63	99	64
97	99	62
62	99	63
61	97	62
96	61	57
97	61	96
56	57	61
181	191	182
184	193	186
181	189	209
209	189	245
189	338	245
184	213	193
211	213	184
186	211	184
211	186	182
207	211	182
191	207	182
191	209	207
181	209	191
293	292	266
265	291	290
135	382	385
136	385	386
136	137	135
386	382	383
135	137	382
136	135	385
138	383	137
136	138	137
383	382	137
386	385	382
124	143	144
144	143	291
380	379	291
424	236	384
424	384	455
433	424	444
142	92	70
143	380	291
237	266	236
124	129	126
126	143	124
397	379	380
397	380	391
391	393	397
142	70	266
236	266	384
81	92	85
85	100	81
444	423	433
292	142	266
168	151	161
161	151	175
339	329	256
168	153	151
330	257	329
175	151	165
257	253	329
329	253	256
151	158	165
151	164	158
153	164	151
256	253	195
253	206	195
165	158	224
253	257	206
256	195	175
362	330	363
195	168	161
206	168	195
195	161	175
363	329	339
363	330	329
327	365	359
192	274	224
365	373	359
192	200	272
192	272	274
200	251	272
365	360	373
373	360	369
369	362	373
359	363	339
272	332	274
373	363	359
251	332	272
251	324	332
274	332	327
373	362	363
327	332	365
158	192	224
324	360	332
332	360	365
164	200	158
158	200	192
165	224	175
274	327	224
175	359	339
175	339	256
224	327	359
224	359	175
153	168	206
324	369	360
164	153	200
251	200	183
206	240	169
251	183	223
153	206	169
324	251	223
324	223	294
324	294	340
153	169	183
200	153	183
188	169	240
307	294	243
340	294	307
178	169	167
178	183	169
243	183	178
243	223	183
167	188	190
243	294	223
167	169	188
176	178	160
176	243	178
177	190	233
233	190	246
238	243	176
160	190	177
160	167	190
288	307	238
238	307	243
160	178	167
201	238	171
201	288	238
154	176	160
232	310	325
310	232	233
232	180	233
154	171	176
233	180	177
156	177	180
177	156	160
364	325	310
154	160	156
155	171	156
171	154	156
283	342	201
155	201	171
156	150	155
197	159	180
300	283	279
159	197	198
215	159	198
194	152	149
170	185	155
249	279	283
249	283	201
204	249	201
194	249	204
185	204	201
149	249	194
185	201	155
170	155	150
149	152	150
159	149	150
159	150	156
159	156	180
257	330	346
369	324	340
369	340	355
257	346	240
206	257	240
362	369	355
330	355	346
330	362	355
346	355	340
316	346	347
316	240	346
357	340	307
246	240	316
357	346	340
347	346	357
188	240	190
190	240	246
361	347	357
361	316	347
310	316	361
352	307	288
233	316	310
352	357	307
233	246	316
361	357	352
364	310	361
342	352	288
342	288	201
342	368	352
176	171	238
364	352	368
352	364	361
354	368	342
354	342	336
232	197	180
208	197	232
285	232	325
285	325	306
300	336	342
300	370	353
300	353	336
300	342	283
198	302	215
285	208	232
375	353	370
354	372	368
328	215	302
328	306	325
328	302	306
374	325	364
374	328	325
374	364	368
374	368	371
375	374	371
370	374	375
372	371	368
199	215	328
199	159	215
249	300	279
204	185	210
371	372	356
333	354	336
197	208	212
289	285	306
197	199	198
196	166	159
159	166	149
149	150	152
166	150	149
194	204	249
204	250	249
152	194	149
194	249	149
204	210	150
210	170	150
371	356	358
358	333	336
356	333	358
353	375	370
375	374	370
295	336	300
300	336	353
375	371	374
371	331	374
353	370	300
374	331	328
197	289	306
212	289	197
328	306	302
302	199	328
302	198	199
159	199	196
210	185	170
372	354	356
356	354	333
321	328	331
212	208	289
208	285	289
196	199	197
306	328	321
150	166	204
348	278	321
230	335	295
321	278	306
295	335	358
278	205	306
306	205	196
358	335	331
335	348	331
331	348	321
336	295	358
358	331	371
196	197	306
295	300	250
300	249	250
204	230	250
205	179	196
196	179	166
250	230	295
166	179	204
179	230	204
230	214	282
269	205	278
335	322	348
326	202	269
322	326	348
214	179	254
230	179	214
202	205	269
202	179	205
335	282	322
230	282	335
348	326	278
322	277	326
282	277	322
326	269	278
282	214	254
254	179	202
202	326	254
277	254	326
282	254	277
275	304	268
287	304	275
312	276	314
270	276	312
312	314	304
304	314	281
304	281	247
276	286	314
312	304	287
304	247	268
225	255	298
255	239	271
219	239	255
217	242	219
280	305	242
280	242	217
217	219	225
225	219	255
312	287	315
244	216	315
287	244	315
296	281	314
239	219	218
303	296	314
239	218	252
296	239	252
296	252	281
255	271	303
298	303	313
298	255	303
313	280	217
271	296	303
271	239	296
313	305	280
303	305	313
242	248	218
219	242	218
305	314	286
305	303	314
242	305	286
242	286	248
218	231	227
227	268	218
275	268	227
248	286	276
216	231	270
227	231	216
244	275	227
231	248	276
247	252	218
244	227	216
247	281	252
231	276	270
244	287	275
231	218	248
268	247	218
312	315	273
270	312	273
216	270	273
315	216	273
225	313	217
298	313	225
428	429	425
98	97	94
427	428	425
429	428	430
426	427	425
96	95	94
94	97	96
99	97	98
