2
franka_link2
V
-0.0550100000000000	-0.127034000000000	-0.000180000000000000
-0.0549910000000000	-0.150352000000000	0.00139600000000000
-0.0549690000000000	-0.0215970000000000	0.0538160000000000
-0.0548940000000000	-0.100120000000000	0.0116530000000000
-0.0548520000000000	-0.00414400000000000	0.000500000000000000
-0.0548390000000000	-0.0468670000000000	0.0456660000000000
-0.0548340000000000	-0.0698030000000000	0.0341380000000000
-0.0548100000000000	-0.113059000000000	-0.00426400000000000
-0.0548070000000000	0.00453200000000000	0.0602150000000000
-0.0547190000000000	-0.130954000000000	-0.00561200000000000
-0.0546240000000000	-0.0120300000000000	0.0400070000000000
-0.0544540000000000	-0.130263000000000	0.00813900000000000
-0.0544120000000000	-0.194000000000000	0.00823700000000000
-0.0543730000000000	0.00837300000000000	0.000500000000000000
-0.0537520000000000	0.0116330000000000	0.0613140000000000
-0.0537300000000000	-0.106410000000000	0.0168090000000000
-0.0537060000000000	-0.0134830000000000	0.0633130000000000
-0.0535740000000000	-0.194000000000000	-0.0126030000000000
-0.0535030000000000	-0.102317000000000	0.00334300000000000
-0.0534960000000000	-0.0592010000000000	0.0335010000000000
-0.0532390000000000	-0.0216320000000000	0.0304740000000000
-0.0532150000000000	-0.0322770000000000	0.0389970000000000
-0.0531660000000000	-0.119784000000000	0.0154870000000000
-0.0530270000000000	0.000460000000000000	0.0733350000000000
-0.0526620000000000	-0.0159090000000000	0.000500000000000000
-0.0523870000000000	-0.118255000000000	-0.0165320000000000
-0.0523780000000000	-0.0903090000000000	0.0117230000000000
-0.0523210000000000	-0.109415000000000	-0.0106960000000000
-0.0522350000000000	-0.0955680000000000	0.0272740000000000
-0.0517700000000000	-0.194000000000000	-0.0186320000000000
-0.0517230000000000	-0.0326100000000000	0.0311230000000000
-0.0512530000000000	-0.0431500000000000	0.0321750000000000
-0.0512440000000000	-0.0993240000000000	0.000779000000000000
-0.0510930000000000	-0.194000000000000	0.0203960000000000
-0.0510750000000000	-0.0224050000000000	0.0124180000000000
-0.0510250000000000	-0.0680260000000000	0.0224830000000000
-0.0509520000000000	-0.0404400000000000	0.0592500000000000
-0.0501880000000000	-0.0225290000000000	0.000500000000000000
-0.0499780000000000	-0.106846000000000	-0.0130100000000000
-0.0498630000000000	-0.111003000000000	0.0274090000000000
-0.0492650000000000	-0.127111000000000	0.0257840000000000
-0.0491510000000000	0.0246630000000000	0.0629250000000000
-0.0489780000000000	-0.00619500000000000	0.0934530000000000
-0.0489040000000000	0.0251870000000000	0.000500000000000000
-0.0488310000000000	-0.122324000000000	-0.0253160000000000
-0.0485580000000000	-0.0714400000000000	0.0173610000000000
-0.0484590000000000	-0.0365250000000000	0.0213970000000000
-0.0482820000000000	-0.0222300000000000	0.0811570000000000
-0.0482440000000000	0.0140600000000000	0.0897930000000000
-0.0482130000000000	-0.0503520000000000	0.0242800000000000
-0.0481470000000000	-0.0356640000000000	0.0695710000000000
-0.0481130000000000	-0.0834810000000000	0.0102640000000000
-0.0477720000000000	-0.0930630000000000	0.0381470000000000
-0.0474970000000000	-0.0419150000000000	0.0221520000000000
-0.0472260000000000	-0.104287000000000	-0.0141400000000000
-0.0471810000000000	-0.0291800000000000	0.00763300000000000
-0.0469010000000000	-0.113296000000000	-0.0245120000000000
-0.0468660000000000	-0.0967960000000000	-0.00328500000000000
-0.0467460000000000	-0.0571090000000000	0.0204720000000000
-0.0463500000000000	-0.00395100000000000	0.106891000000000
-0.0462780000000000	0.00463500000000000	0.106934000000000
-0.0459950000000000	-0.122594000000000	-0.0300600000000000
-0.0458000000000000	0.0204780000000000	0.0902570000000000
-0.0454820000000000	-0.194000000000000	0.0309050000000000
-0.0453300000000000	-0.0332340000000000	0.0101190000000000
-0.0452510000000000	-0.0108660000000000	0.106846000000000
-0.0451580000000000	-0.105796000000000	0.0375180000000000
-0.0449640000000000	-0.194000000000000	-0.0317360000000000
-0.0448280000000000	-0.0318850000000000	0.000500000000000000
-0.0446900000000000	-0.0485520000000000	0.0676700000000000
-0.0446450000000000	-0.127507000000000	0.0338400000000000
-0.0445670000000000	-0.0832790000000000	0.00726300000000000
-0.0441860000000000	-0.0722820000000000	0.0132540000000000
-0.0441780000000000	-0.0262510000000000	0.0906140000000000
-0.0439240000000000	-0.0396740000000000	0.0144330000000000
-0.0434950000000000	-0.0151820000000000	0.107793000000000
-0.0434320000000000	-0.0808180000000000	0.0503470000000000
-0.0431830000000000	-0.0474760000000000	0.0171000000000000
-0.0429410000000000	0.00353900000000000	0.111151000000000
-0.0428360000000000	0.0174590000000000	0.107514000000000
-0.0426200000000000	-0.116159000000000	0.0382620000000000
-0.0422050000000000	-0.0539110000000000	0.0164290000000000
-0.0421960000000000	-0.0597210000000000	0.0640480000000000
-0.0420300000000000	-0.106129000000000	-0.0239150000000000
-0.0418490000000000	-0.0948710000000000	-0.00607400000000000
-0.0417510000000000	-0.0442390000000000	0.0764080000000000
-0.0408630000000000	-0.00691200000000000	0.112789000000000
-0.0403560000000000	-0.0223230000000000	0.107710000000000
-0.0403080000000000	0.0219620000000000	0.108000000000000
-0.0402450000000000	0.0155200000000000	0.111094000000000
-0.0401370000000000	-0.125305000000000	-0.0376110000000000
-0.0401200000000000	0.0376490000000000	0.0634540000000000
-0.0400960000000000	0.0376680000000000	0.000500000000000000
-0.0400370000000000	-0.108439000000000	0.0432530000000000
-0.0399270000000000	-0.0388660000000000	0.00695600000000000
-0.0399030000000000	-0.194000000000000	0.0378050000000000
-0.0396470000000000	-0.119721000000000	-0.0368120000000000
-0.0396080000000000	0.0321930000000000	0.0858950000000000
-0.0395520000000000	-0.155482000000000	0.0388120000000000
-0.0395190000000000	-0.0422700000000000	0.0112690000000000
-0.0393480000000000	-0.0794550000000000	0.00707000000000000
-0.0389010000000000	-0.0873770000000000	0.000512000000000000
-0.0379280000000000	-0.112281000000000	-0.0344390000000000
-0.0379220000000000	-0.0499430000000000	0.0133390000000000
-0.0375990000000000	0.00119600000000000	0.116148000000000
-0.0375100000000000	-0.0372860000000000	0.0918760000000000
-0.0370530000000000	-0.116068000000000	0.0444420000000000
-0.0368950000000000	-0.0511900000000000	0.0777970000000000
-0.0367520000000000	-0.0409290000000000	0.000500000000000000
-0.0367260000000000	-0.127368000000000	0.0431480000000000
-0.0364400000000000	-0.0590800000000000	0.0128700000000000
-0.0360890000000000	-0.108357000000000	-0.0327740000000000
-0.0358650000000000	-0.0290200000000000	0.107691000000000
-0.0357090000000000	-0.0630460000000000	0.0698450000000000
-0.0354580000000000	-0.00630900000000000	0.117393000000000
-0.0351980000000000	-0.0868190000000000	0.0563630000000000
-0.0350490000000000	-0.0458150000000000	0.0100440000000000
-0.0344050000000000	-0.0198230000000000	0.114377000000000
-0.0343600000000000	0.0310390000000000	0.107387000000000
-0.0343300000000000	0.0364770000000000	0.0906600000000000
-0.0341040000000000	-0.0905590000000000	-0.00557800000000000
-0.0337950000000000	-0.120683000000000	-0.0420220000000000
-0.0336210000000000	-0.126365000000000	-0.0435430000000000
-0.0334500000000000	-0.0455160000000000	0.00820300000000000
-0.0331710000000000	0.00766700000000000	0.118808000000000
-0.0331710000000000	0.0254200000000000	0.112445000000000
-0.0328610000000000	0.0440280000000000	0.0646480000000000
-0.0328560000000000	-0.103712000000000	-0.0298570000000000
-0.0327700000000000	-0.194000000000000	-0.0441990000000000
-0.0327310000000000	-0.164964000000000	0.0444830000000000
-0.0326110000000000	-0.0705980000000000	0.00958400000000000
-0.0320410000000000	-0.0337800000000000	0.107001000000000
-0.0319160000000000	0.00138500000000000	0.120193000000000
-0.0318990000000000	-0.0448150000000000	0.000500000000000000
-0.0318830000000000	-0.0513820000000000	0.0111870000000000
-0.0315200000000000	-0.107045000000000	-0.0348180000000000
-0.0313500000000000	-0.0435670000000000	0.0932430000000000
-0.0311840000000000	0.0206060000000000	0.116344000000000
-0.0308440000000000	-0.110041000000000	0.0510090000000000
-0.0297680000000000	-0.113854000000000	-0.0411960000000000
-0.0296720000000000	-0.0635050000000000	0.0107780000000000
-0.0288130000000000	0.0361470000000000	0.107537000000000
-0.0287530000000000	-0.0544910000000000	0.0838900000000000
-0.0286950000000000	-0.0140580000000000	0.120197000000000
-0.0275420000000000	0.0276310000000000	0.114982000000000
-0.0273720000000000	-0.0248850000000000	0.116649000000000
-0.0272880000000000	-0.0837900000000000	-0.000120000000000000
-0.0271000000000000	-0.0486840000000000	0.00586900000000000
-0.0270400000000000	-0.119739000000000	0.0514030000000000
-0.0267580000000000	-0.194000000000000	0.0480430000000000
-0.0264690000000000	-0.0941610000000000	0.0593870000000000
-0.0262200000000000	-0.0739220000000000	0.00716400000000000
-0.0260310000000000	0.0484750000000000	0.000500000000000000
-0.0257530000000000	-0.0382520000000000	0.107752000000000
-0.0254520000000000	-0.126992000000000	-0.0487700000000000
-0.0253520000000000	0.00629600000000000	0.123418000000000
-0.0253510000000000	0.0150410000000000	0.121661000000000
-0.0253280000000000	-0.0925340000000000	-0.0145630000000000
-0.0251900000000000	-0.0619940000000000	0.0799490000000000
-0.0250490000000000	-0.170789000000000	0.0490800000000000
-0.0249000000000000	-0.0970490000000000	-0.0243110000000000
-0.0246790000000000	-0.0204860000000000	0.120123000000000
-0.0239620000000000	-0.0782290000000000	0.00421000000000000
-0.0237220000000000	-0.142316000000000	0.0510380000000000
-0.0235040000000000	-0.00546000000000000	0.124350000000000
-0.0232220000000000	-0.0354430000000000	0.111881000000000
-0.0230170000000000	-0.121721000000000	-0.0484700000000000
-0.0228880000000000	0.0402050000000000	0.107480000000000
-0.0228770000000000	-0.0500270000000000	0.000500000000000000
-0.0225670000000000	-0.100459000000000	-0.0316780000000000
-0.0222540000000000	-0.0560640000000000	0.00986800000000000
-0.0220820000000000	0.0502990000000000	0.0648510000000000
-0.0216070000000000	-0.0472170000000000	0.0982730000000000
-0.0215980000000000	-0.194000000000000	-0.0506100000000000
-0.0215620000000000	-0.0947560000000000	0.0616960000000000
-0.0210740000000000	-0.0753540000000000	0.0723940000000000
-0.0196920000000000	-0.105131000000000	-0.0389580000000000
-0.0190880000000000	-0.0540580000000000	0.00795500000000000
-0.0177080000000000	-0.111775000000000	-0.0455160000000000
-0.0176840000000000	-0.0280000000000000	0.119439000000000
-0.0172340000000000	0.0430000000000000	0.107358000000000
-0.0170910000000000	-0.0538020000000000	0.00672300000000000
-0.0169680000000000	0.0260720000000000	0.120707000000000
-0.0169620000000000	0.00666000000000000	0.126573000000000
-0.0168750000000000	0.0522750000000000	0.0649030000000000
-0.0168400000000000	-0.0616670000000000	0.0850470000000000
-0.0168050000000000	-0.116692000000000	-0.0488280000000000
-0.0164460000000000	0.0376670000000000	0.113107000000000
-0.0164450000000000	0.0193950000000000	0.123755000000000
-0.0163890000000000	-0.0359850000000000	0.114527000000000
-0.0154590000000000	-0.122956000000000	0.0561240000000000
-0.0152710000000000	-0.00245200000000000	0.127393000000000
-0.0149790000000000	-0.00984600000000000	0.126680000000000
-0.0149710000000000	-0.194000000000000	0.0529400000000000
-0.0149160000000000	-0.115007000000000	0.0576860000000000
-0.0147430000000000	-0.0911940000000000	0.0659110000000000
-0.0147040000000000	-0.0438640000000000	0.107568000000000
-0.0140190000000000	-0.153805000000000	0.0539190000000000
-0.0136530000000000	-0.126345000000000	-0.0531740000000000
-0.0135400000000000	0.0482910000000000	0.0908530000000000
-0.0133930000000000	-0.0538130000000000	0.00421400000000000
-0.0132300000000000	-0.0544890000000000	0.0939780000000000
-0.0123070000000000	-0.0861870000000000	-0.00858300000000000
-0.0120960000000000	-0.0924180000000000	-0.0218110000000000
-0.0117820000000000	-0.0145420000000000	0.126426000000000
-0.0114930000000000	-0.0794610000000000	0.00135900000000000
-0.0112690000000000	-0.0700680000000000	0.0798760000000000
-0.0111880000000000	-0.104217000000000	-0.0411480000000000
-0.0109700000000000	-0.194000000000000	-0.0539210000000000
-0.0108850000000000	-0.0261840000000000	0.122293000000000
-0.0106920000000000	-0.114959000000000	-0.0498610000000000
-0.0105600000000000	-0.0345890000000000	0.117280000000000
-0.00968100000000000	0.0227470000000000	0.124084000000000
-0.00968100000000000	0.0281490000000000	0.121497000000000
-0.00965300000000000	-0.0450150000000000	0.107854000000000
-0.00964800000000000	-0.109085000000000	-0.0462740000000000
-0.00914200000000000	0.0453880000000000	0.107395000000000
-0.00879800000000000	-0.0789580000000000	0.0741710000000000
-0.00868700000000000	-0.0555470000000000	0.00605200000000000
-0.00807800000000000	-0.100877000000000	-0.0375910000000000
-0.00797300000000000	-0.0997680000000000	0.0638580000000000
-0.00768200000000000	-0.126449000000000	-0.0543770000000000
-0.00766600000000000	0.0150630000000000	0.126984000000000
-0.00766000000000000	0.0373770000000000	0.115729000000000
-0.00758600000000000	-0.119460000000000	-0.0525190000000000
-0.00648900000000000	0.0506570000000000	0.0864980000000000
-0.00583000000000000	-0.00168000000000000	0.129110000000000
-0.00577300000000000	-0.0645840000000000	0.0856660000000000
-0.00565500000000000	-0.0547220000000000	0.000500000000000000
-0.00534800000000000	-0.194000000000000	0.0547560000000000
-0.00509100000000000	-0.0954090000000000	-0.0291560000000000
-0.00492400000000000	0.0547930000000000	0.000500000000000000
-0.00485100000000000	-0.0623430000000000	0.00941400000000000
-0.00469300000000000	0.00687200000000000	0.128835000000000
-0.00468700000000000	-0.0283160000000000	0.122099000000000
-0.00452500000000000	-0.0889330000000000	-0.0167930000000000
-0.00449300000000000	-0.143558000000000	0.0562280000000000
-0.00420500000000000	0.0462870000000000	0.106990000000000
-0.00364900000000000	-0.162772000000000	0.0551910000000000
-0.00337900000000000	-0.0583540000000000	0.00808700000000000
-0.00309800000000000	0.0343780000000000	0.118489000000000
-0.00283400000000000	-0.0837840000000000	-0.00580900000000000
-0.00261000000000000	-0.0668490000000000	0.00876000000000000
-0.00224900000000000	0.0265220000000000	0.123177000000000
-0.00220000000000000	-0.0715980000000000	0.00692700000000000
-0.00178000000000000	0.0549580000000000	0.0644790000000000
-0.00173000000000000	-0.0463310000000000	0.107442000000000
-0.00134700000000000	-0.112949000000000	-0.0500300000000000
-0.00132300000000000	-0.0362760000000000	0.117178000000000
-0.00128700000000000	-0.0611820000000000	0.00920500000000000
-0.00127500000000000	-0.0178810000000000	0.126674000000000
-0.000754000000000000	-0.00811100000000000	0.128854000000000
-0.000613000000000000	-0.0564580000000000	0.00601500000000000
-0.000481000000000000	-0.0506510000000000	0.101404000000000
-0.000243000000000000	-0.118370000000000	-0.0527290000000000
-0.000150000000000000	-0.0519620000000000	0.000500000000000000
-8.60000000000000e-05	-0.0987430000000000	0.0650260000000000
1.20000000000000e-05	-0.0744500000000000	0.0782450000000000
1.40000000000000e-05	-0.0889590000000000	0.0694160000000000
0.000125000000000000	-0.0585970000000000	0.0920640000000000
0.000212000000000000	-0.125518000000000	0.0581770000000000
0.000381000000000000	-0.110539000000000	0.0611300000000000
0.000483000000000000	-0.105230000000000	-0.0439160000000000
0.000636000000000000	0.0177900000000000	0.126713000000000
0.000899000000000000	-0.101335000000000	-0.0391590000000000
0.00121200000000000	-0.126495000000000	-0.0549210000000000
0.00223100000000000	-0.0938070000000000	-0.0265640000000000
0.00279200000000000	0.00823500000000000	0.128783000000000
0.00346400000000000	-0.194000000000000	-0.0548950000000000
0.00381200000000000	0.0457920000000000	0.107948000000000
0.00393900000000000	-0.0781580000000000	0.00217300000000000
0.00437000000000000	0.0390850000000000	0.114721000000000
0.00505100000000000	-0.122639000000000	-0.0538750000000000
0.00522900000000000	-0.0191910000000000	0.126014000000000
0.00586200000000000	0.00156600000000000	0.129115000000000
0.00589900000000000	-0.157823000000000	0.0552030000000000
0.00618100000000000	0.0290780000000000	0.121525000000000
0.00660400000000000	-0.0842880000000000	-0.00630900000000000
0.00661300000000000	-0.142715000000000	0.0560750000000000
0.00667700000000000	-0.0860470000000000	0.0703410000000000
0.00679000000000000	-0.122788000000000	0.0580770000000000
0.00684800000000000	-0.108701000000000	0.0610710000000000
0.00707200000000000	0.0518090000000000	0.0802850000000000
0.00707500000000000	-0.0545570000000000	0.000500000000000000
0.00820300000000000	-0.0374250000000000	0.115577000000000
0.00914100000000000	-0.0298560000000000	0.120643000000000
0.00915200000000000	-0.0636880000000000	0.0857980000000000
0.00947200000000000	-0.103311000000000	-0.0405300000000000
0.00960700000000000	0.0541820000000000	0.000500000000000000
0.00981300000000000	-0.108110000000000	-0.0454270000000000
0.0100440000000000	-0.119449000000000	-0.0520510000000000
0.0103360000000000	0.0454160000000000	0.106730000000000
0.0104180000000000	0.0204160000000000	0.124861000000000
0.0104510000000000	-0.194000000000000	0.0540120000000000
0.0106180000000000	-0.0133100000000000	0.126948000000000
0.0107890000000000	-0.0545100000000000	0.00462500000000000
0.0109710000000000	0.0538220000000000	0.0648890000000000
0.0109790000000000	-0.0449780000000000	0.107539000000000
0.0118880000000000	0.0376310000000000	0.114594000000000
0.0120620000000000	-0.0555420000000000	0.00707500000000000
0.0120850000000000	-0.0251570000000000	0.122523000000000
0.0121480000000000	-0.113354000000000	-0.0485650000000000
0.0122210000000000	-0.0747130000000000	0.0761900000000000
0.0122230000000000	-0.0571780000000000	0.0913560000000000
0.0122730000000000	0.0107830000000000	0.127145000000000
0.0129170000000000	-0.0992500000000000	0.0629800000000000
0.0138430000000000	-0.0939540000000000	-0.0242030000000000
0.0138980000000000	-0.0861190000000000	0.0687180000000000
0.0143160000000000	-0.0413200000000000	0.110483000000000
0.0150050000000000	-0.173743000000000	0.0529690000000000
0.0150220000000000	0.0289080000000000	0.119798000000000
0.0152370000000000	-0.194000000000000	-0.0528650000000000
0.0153210000000000	-0.109581000000000	-0.0448600000000000
0.0154410000000000	-0.0608720000000000	0.00973100000000000
0.0154750000000000	-0.0689050000000000	0.00841400000000000
0.0161530000000000	-0.00126500000000000	0.127191000000000
0.0161720000000000	-0.111832000000000	0.0580390000000000
0.0166820000000000	-0.0859150000000000	-0.00657700000000000
0.0168250000000000	0.0428060000000000	0.107905000000000
0.0169280000000000	0.0473270000000000	0.0902610000000000
0.0169770000000000	-0.102173000000000	-0.0366090000000000
0.0176030000000000	-0.124048000000000	0.0552570000000000
0.0178730000000000	-0.0150050000000000	0.124687000000000
0.0183990000000000	-0.0353960000000000	0.114217000000000
0.0185530000000000	-0.126221000000000	-0.0516590000000000
0.0190910000000000	-0.0718870000000000	0.0756990000000000
0.0192290000000000	-0.0539500000000000	0.0916590000000000
0.0192790000000000	-0.153039000000000	0.0522890000000000
0.0193180000000000	-0.0235800000000000	0.121094000000000
0.0198260000000000	-0.0513150000000000	0.000500000000000000
0.0200510000000000	-0.0413170000000000	0.107990000000000
0.0206110000000000	0.00516800000000000	0.125529000000000
0.0213230000000000	-0.0467510000000000	0.0991080000000000
0.0215670000000000	-0.0544240000000000	0.00907300000000000
0.0220200000000000	0.0410140000000000	0.106783000000000
0.0220770000000000	0.0344450000000000	0.113294000000000
0.0221010000000000	-0.121359000000000	-0.0487450000000000
0.0228220000000000	-0.0810210000000000	0.0680100000000000
0.0231250000000000	-0.0512000000000000	0.00659200000000000
0.0237390000000000	-0.122012000000000	0.0528890000000000
0.0239880000000000	0.0236660000000000	0.119041000000000
0.0240870000000000	0.0493610000000000	0.0648460000000000
0.0241580000000000	-0.0590850000000000	0.0832440000000000
0.0244340000000000	-0.118059000000000	-0.0462360000000000
0.0248040000000000	-0.0751640000000000	0.00633900000000000
0.0248690000000000	-0.102330000000000	-0.0331340000000000
0.0249340000000000	0.0490360000000000	0.000500000000000000
0.0250660000000000	-0.0826070000000000	0.000532000000000000
0.0255750000000000	-0.00434600000000000	0.123517000000000
0.0257630000000000	0.0454600000000000	0.0800110000000000
0.0266690000000000	-0.103068000000000	0.0558270000000000
0.0267000000000000	0.0174640000000000	0.120221000000000
0.0268790000000000	-0.194000000000000	0.0479960000000000
0.0273660000000000	-0.0306850000000000	0.113096000000000
0.0273670000000000	-0.0187330000000000	0.119408000000000
0.0274290000000000	-0.0618030000000000	0.0106520000000000
0.0274460000000000	0.0368420000000000	0.107968000000000
0.0275430000000000	0.0253830000000000	0.116274000000000
0.0278260000000000	-0.0521440000000000	0.0100710000000000
0.0280300000000000	-0.00989200000000000	0.121527000000000
0.0281510000000000	-0.125680000000000	-0.0471090000000000
0.0290420000000000	-0.0513510000000000	0.0867850000000000
0.0296120000000000	-0.0354680000000000	0.107611000000000
0.0296280000000000	-0.126998000000000	0.0488690000000000
0.0301050000000000	-0.0460470000000000	0.000500000000000000
0.0302060000000000	-0.0998210000000000	-0.0256670000000000
0.0306300000000000	-0.194000000000000	-0.0457100000000000
0.0307480000000000	-0.0604980000000000	0.0767020000000000
0.0309900000000000	-0.0669490000000000	0.0103600000000000
0.0313550000000000	-0.0835720000000000	0.0611580000000000
0.0317320000000000	0.00620700000000000	0.119952000000000
0.0326040000000000	-0.0429780000000000	0.0923290000000000
0.0327280000000000	-0.102352000000000	-0.0279360000000000
0.0327860000000000	-0.119145000000000	-0.0421230000000000
0.0329730000000000	0.0390410000000000	0.0857050000000000
0.0330110000000000	-0.0233500000000000	0.113719000000000
0.0331530000000000	-0.0915960000000000	-0.00766100000000000
0.0333420000000000	-0.105181000000000	-0.0314410000000000
0.0333880000000000	-0.0737480000000000	0.0650550000000000
0.0334840000000000	-0.0446120000000000	0.00647100000000000
0.0335210000000000	-0.109682000000000	-0.0359730000000000
0.0336360000000000	0.0434980000000000	0.0642710000000000
0.0341980000000000	0.0307850000000000	0.107864000000000
0.0344130000000000	-0.00239200000000000	0.118503000000000
0.0344580000000000	-0.0615460000000000	0.0120250000000000
0.0347690000000000	-0.0306060000000000	0.107404000000000
0.0348870000000000	0.0164200000000000	0.115375000000000
0.0349960000000000	-0.106657000000000	0.0486940000000000
0.0352040000000000	-0.0520740000000000	0.0123490000000000
0.0352650000000000	-0.0455120000000000	0.00996800000000000
0.0353110000000000	-0.0713110000000000	0.00993300000000000
0.0359930000000000	-0.0469450000000000	0.0830710000000000
0.0363320000000000	-0.119456000000000	0.0444930000000000
0.0366080000000000	-0.194000000000000	0.0410180000000000
0.0367790000000000	0.0285750000000000	0.106668000000000
0.0371590000000000	-0.150790000000000	0.0413430000000000
0.0375090000000000	-0.0145600000000000	0.113913000000000
0.0377300000000000	-0.124518000000000	-0.0399100000000000
0.0381080000000000	-0.0348440000000000	0.0940500000000000
0.0387320000000000	-0.0487280000000000	0.0135870000000000
0.0388260000000000	-0.0908060000000000	-0.00311900000000000
0.0391250000000000	0.00525100000000000	0.114579000000000
0.0392870000000000	-0.0801800000000000	0.00654400000000000
0.0393680000000000	-0.108194000000000	-0.0294360000000000
0.0393990000000000	-0.0896870000000000	0.0509110000000000
0.0396160000000000	-0.0391870000000000	0.00693000000000000
0.0398040000000000	-0.0238640000000000	0.107214000000000
0.0398580000000000	-0.118316000000000	-0.0360500000000000
0.0401980000000000	-0.0530740000000000	0.0716030000000000
0.0402410000000000	-0.0951400000000000	-0.00786600000000000
0.0405280000000000	-0.106796000000000	0.0431760000000000
0.0407520000000000	-0.0737820000000000	0.0574420000000000
0.0411470000000000	0.0206720000000000	0.107842000000000
0.0413750000000000	0.0336160000000000	0.0738120000000000
0.0414790000000000	-0.194000000000000	-0.0361480000000000
0.0415390000000000	-0.0403350000000000	0.0119270000000000
0.0419840000000000	-0.00263600000000000	0.112180000000000
0.0420020000000000	-0.123685000000000	-0.0354200000000000
0.0428230000000000	-0.114755000000000	-0.0310360000000000
0.0429240000000000	-0.0170350000000000	0.107618000000000
0.0430750000000000	-0.0342080000000000	0.000500000000000000
0.0431290000000000	-0.0598220000000000	0.0162920000000000
0.0432100000000000	0.0340580000000000	0.000500000000000000
0.0434010000000000	-0.0468150000000000	0.0171870000000000
0.0437110000000000	-0.0375990000000000	0.0786990000000000
0.0440560000000000	-0.0717580000000000	0.0133900000000000
0.0441950000000000	-0.110466000000000	-0.0260350000000000
0.0443880000000000	0.0124280000000000	0.107767000000000
0.0444890000000000	-0.0349890000000000	0.0108250000000000
0.0445520000000000	-0.0417750000000000	0.0167370000000000
0.0447840000000000	-0.0954150000000000	-0.00393700000000000
0.0449370000000000	-0.151208000000000	0.0323870000000000
0.0453030000000000	0.0292670000000000	0.0700280000000000
0.0455610000000000	-0.110677000000000	0.0354470000000000
0.0456480000000000	-0.103530000000000	-0.0152980000000000
0.0456640000000000	-0.00913900000000000	0.106709000000000
0.0458120000000000	0.0304570000000000	0.0629120000000000
0.0459450000000000	-0.0268290000000000	0.0842530000000000
0.0461930000000000	-0.115577000000000	-0.0270470000000000
0.0463220000000000	0.00430300000000000	0.106898000000000
0.0463430000000000	-0.0837150000000000	0.00837900000000000
0.0463950000000000	-0.126945000000000	0.0311770000000000
0.0464340000000000	-0.00126200000000000	0.107110000000000
0.0465570000000000	0.0181730000000000	0.0911910000000000
0.0467990000000000	-0.0508250000000000	0.0622040000000000
0.0471040000000000	-0.122165000000000	-0.0282790000000000
0.0472060000000000	-0.0559980000000000	0.0214010000000000
0.0472690000000000	-0.194000000000000	-0.0281260000000000
0.0473140000000000	-0.0745720000000000	0.0478590000000000
0.0474040000000000	-0.0918250000000000	0.0393130000000000
0.0479590000000000	-0.0280670000000000	0.00859400000000000
0.0481140000000000	-0.0327640000000000	0.0719350000000000
0.0481630000000000	-0.0487210000000000	0.0243810000000000
0.0482840000000000	-0.0427650000000000	0.0241870000000000
0.0484210000000000	-0.0354090000000000	0.0203300000000000
0.0485580000000000	-0.0774910000000000	0.0144030000000000
0.0486810000000000	-0.106791000000000	-0.0152900000000000
0.0495600000000000	-0.121777000000000	-0.0238640000000000
0.0496050000000000	0.0126060000000000	0.0849200000000000
0.0496570000000000	-0.111059000000000	-0.0180820000000000
0.0499540000000000	-0.194000000000000	0.0229610000000000
0.0504120000000000	0.0217830000000000	0.0632410000000000
0.0504910000000000	-0.0490730000000000	0.0293280000000000
0.0506850000000000	0.0213860000000000	0.000500000000000000
0.0508070000000000	-0.0210770000000000	0.000500000000000000
0.0508840000000000	-0.110255000000000	0.0251520000000000
0.0510000000000000	-0.0946300000000000	0.00529300000000000
0.0511110000000000	-0.0469970000000000	0.0553150000000000
0.0512980000000000	-0.0946600000000000	0.0302140000000000
0.0516460000000000	-0.0200660000000000	0.0104670000000000
0.0521030000000000	0.00618000000000000	0.0773480000000000
0.0522160000000000	-0.0194390000000000	0.0672570000000000
0.0523080000000000	-0.000338000000000000	0.0775940000000000
0.0523340000000000	-0.100863000000000	0.00151600000000000
0.0523760000000000	-0.194000000000000	-0.0168740000000000
0.0524700000000000	-0.106628000000000	-0.00673300000000000
0.0524990000000000	-0.0769650000000000	0.0206820000000000
0.0525450000000000	-0.119163000000000	-0.0162760000000000
0.0525830000000000	-0.194000000000000	0.0160800000000000
0.0527770000000000	-0.0548460000000000	0.0334620000000000
0.0527900000000000	-0.0350000000000000	0.0373810000000000
0.0530080000000000	-0.0259480000000000	0.0340330000000000
0.0530300000000000	-0.114140000000000	0.0172640000000000
0.0530330000000000	-0.0913310000000000	0.0124190000000000
0.0532200000000000	0.0138380000000000	0.0617010000000000
0.0534960000000000	-0.0134240000000000	0.0101840000000000
0.0537100000000000	-0.0118830000000000	0.000500000000000000
0.0540050000000000	0.0105460000000000	0.000500000000000000
0.0545550000000000	-0.194000000000000	-0.00702300000000000
0.0546000000000000	-0.110620000000000	0.00918100000000000
0.0547830000000000	-0.112704000000000	-0.00414700000000000
0.0548350000000000	-0.0503850000000000	0.0441100000000000
0.0548480000000000	-0.194000000000000	0.00417200000000000
0.0548950000000000	-0.00348500000000000	0.000500000000000000
0.0549010000000000	-0.0874080000000000	0.0216730000000000
0.0549100000000000	-0.0157370000000000	0.0563650000000000
0.0549190000000000	-0.107052000000000	0.00508500000000000
0.0549910000000000	0.000997000000000000	0.00549800000000000
0.0549920000000000	-0.000997000000000000	0.00549800000000000
0.0549930000000000	-0.189002000000000	-0.000998000000000000
0.0549940000000000	-0.189002000000000	0.000997000000000000
0.0549950000000000	0.00126000000000000	0.0591380000000000
F
34	13	18
493	34	18
489	18	30
493	18	489
269	312	489
312	367	489
493	64	34
367	415	489
493	96	64
493	150	96
415	448	489
448	475	489
493	194	150
493	230	194
68	489	30
493	294	230
129	489	68
269	489	209
479	461	493
493	353	294
209	489	174
174	489	129
493	394	353
461	394	493
13	2	18
276	239	230
239	194	230
194	198	150
30	45	68
198	160	150
150	130	96
155	174	129
209	266	269
149	164	191
164	198	191
191	198	262
198	237	262
123	129	91
262	237	261
276	261	237
160	198	164
99	96	130
2	10	18
150	160	130
194	239	237
23	13	34
110	130	149
194	237	198
237	239	276
129	68	91
91	68	62
174	155	199
266	209	222
222	209	199
209	174	199
8	18	10
130	110	99
12	13	23
123	155	129
10	2	1
12	2	13
62	68	45
1	2	12
164	130	160
99	71	96
96	71	64
41	34	71
71	110	107
71	99	110
34	64	71
26	45	30
23	34	41
164	149	130
94	77	67
29	37	7
108	86	114
195	175	149
74	76	48
70	86	51
196	207	176
228	260	254
106	113	88
173	154	137
17	24	3
107	139	94
218	207	196
83	70	37
37	6	7
202	197	173
143	108	114
43	60	24
37	17	6
195	221	175
154	132	137
202	215	197
88	76	74
159	143	114
176	207	159
43	66	60
70	51	37
254	247	202
191	221	195
51	74	48
17	43	24
110	149	139
94	116	77
1	4	8
86	74	51
151	176	116
173	197	154
247	215	202
116	114	83
207	186	159
12	16	1
12	23	16
262	257	191
191	257	221
221	196	175
259	258	218
175	176	151
1	16	4
4	16	7
23	40	16
77	83	53
23	41	40
40	29	16
53	83	37
41	67	40
218	258	207
86	106	74
6	17	3
108	106	86
191	195	149
16	29	7
71	81	41
139	116	94
143	106	108
41	81	67
40	53	29
116	159	114
139	151	116
175	196	176
83	114	70
159	173	143
186	202	159
258	228	207
67	53	40
107	81	71
221	257	259
48	66	43
37	48	17
207	228	186
221	259	196
106	88	74
53	67	77
81	94	67
116	83	77
114	86	70
202	173	159
149	175	139
37	51	48
139	175	151
228	254	186
143	137	106
48	43	17
260	228	258
110	139	107
173	137	143
116	176	159
3	24	9
29	53	37
48	76	66
107	94	81
132	113	106
254	202	186
137	132	106
259	218	196
138	126	90
118	115	87
188	142	145
264	244	213
156	157	125
144	165	115
166	146	113
118	87	76
210	205	162
154	113	132
192	184	165
180	162	146
189	183	157
166	113	154
251	252	205
125	138	90
188	181	168
133	125	105
234	223	184
210	162	180
133	156	125
145	126	138
264	213	223
241	272	224
241	224	214
180	146	166
79	61	60
144	115	118
115	105	87
125	90	79
118	76	88
234	184	192
217	181	188
235	205	210
183	188	145
115	133	105
212	210	180
213	183	189
193	192	165
190	180	166
190	212	180
235	251	205
105	125	79
235	210	212
87	66	76
227	234	192
224	217	188
197	166	154
197	190	166
214	183	213
193	165	144
162	144	118
249	235	212
118	88	113
244	241	214
234	268	223
212	190	197
215	212	197
183	145	138
146	162	118
162	193	144
157	138	125
247	249	212
184	189	157
87	79	60
247	212	215
224	188	183
244	214	213
119	89	126
224	238	217
184	157	156
90	89	80
113	146	118
227	192	193
142	119	126
165	133	115
105	79	87
223	213	189
90	80	61
205	227	193
145	142	126
244	277	241
223	189	184
214	224	183
79	90	61
165	156	133
66	87	60
272	238	224
90	126	89
188	168	142
205	193	162
183	138	157
184	156	165
252	227	205
324	286	285
332	305	316
293	311	277
268	264	223
336	299	311
428	413	387
352	358	341
293	264	268
384	371	349
295	275	252
309	285	247
387	383	358
440	402	417
417	384	397
301	295	274
397	384	360
387	358	352
324	285	309
355	329	354
323	295	301
286	274	235
397	360	355
402	387	371
417	443	440
360	349	323
324	354	329
341	311	293
274	252	251
341	336	311
358	357	336
274	295	252
268	234	227
298	309	247
413	383	387
305	293	268
384	402	371
428	387	402
301	274	286
272	270	238
436	443	417
376	397	355
249	286	235
272	292	270
376	355	354
316	275	295
275	268	227
329	323	301
436	417	397
383	357	358
309	298	331
331	324	309
323	316	295
299	292	272
299	319	292
277	272	241
341	293	305
371	387	352
331	354	324
299	272	277
420	436	397
358	336	341
355	360	323
305	268	275
274	251	235
407	397	376
371	352	332
286	329	301
336	335	319
363	354	331
352	341	305
386	376	354
407	420	397
376	386	407
386	354	363
336	319	299
285	286	249
247	285	249
293	277	244
275	227	252
293	244	264
357	335	336
349	332	316
311	299	277
316	305	275
360	384	349
402	440	428
417	402	384
371	332	349
324	329	286
349	316	323
355	323	329
332	352	305
120	142	127
98	119	120
119	142	120
127	142	168
92	120	127
172	200	185
168	181	172
185	200	226
80	63	49
181	200	172
61	80	49
92	98	120
200	238	226
181	217	200
217	238	200
9	49	15
63	89	98
49	63	15
24	60	61
15	63	42
80	89	63
9	24	49
127	168	172
89	119	98
24	61	49
98	92	42
185	226	246
63	98	42
26	30	18
8	26	18
8	10	1
464	462	485
488	464	485
14	5	9
14	9	15
232	246	297
289	232	297
488	485	502
44	14	15
498	488	502
44	15	42
499	498	502
494	488	498
289	297	342
347	289	342
44	42	92
93	44	92
347	342	382
93	92	127
423	347	382
153	93	127
153	127	172
423	382	437
153	172	185
464	423	437
232	153	185
464	437	462
232	185	246
219	284	253
182	201	219
201	169	229
201	229	219
148	182	178
117	148	178
169	201	182
169	148	134
148	169	182
250	314	233
134	148	124
148	117	124
75	65	100
65	95	100
95	109	134
109	95	69
5	25	35
100	95	124
182	219	240
219	253	240
95	134	124
233	171	178
171	117	178
171	135	117
117	100	124
233	141	171
69	95	65
65	56	69
56	35	38
38	69	56
25	38	35
250	182	240
178	182	250
250	233	178
56	65	47
101	72	73
52	27	36
22	6	3
111	73	59
46	36	50
59	46	50
131	73	111
111	141	131
141	152	131
82	111	59
152	141	243
141	111	171
72	58	33
163	102	152
233	243	141
31	50	32
104	78	117
117	135	104
11	3	9
47	31	21
21	11	5
5	35	21
11	9	5
46	73	52
19	8	4
101	102	72
59	73	46
131	101	73
163	147	102
206	147	163
20	7	6
72	85	58
52	72	33
131	152	101
73	72	52
171	111	135
75	78	54
101	152	102
206	163	245
46	52	36
27	19	4
36	27	20
32	20	6
50	36	20
50	20	32
271	278	206
271	206	245
163	243	245
104	111	82
243	163	152
50	82	59
20	4	7
52	33	19
6	22	32
78	82	50
52	19	27
54	78	50
31	54	50
31	32	22
78	104	82
27	4	20
47	75	54
100	117	78
47	54	31
47	65	75
135	111	104
21	22	3
47	21	35
35	56	47
100	78	75
11	21	3
31	22	21
55	58	85
170	177	136
19	28	8
128	161	170
39	84	57
140	187	167
121	158	128
85	121	84
206	278	242
128	158	161
97	123	91
103	57	84
84	112	103
225	222	199
216	263	248
177	220	208
177	170	220
103	112	140
187	225	199
39	55	84
208	263	216
140	179	187
112	136	140
62	97	91
208	220	263
45	97	62
72	102	85
170	204	220
102	121	85
19	33	28
57	97	45
97	122	123
161	204	170
220	265	263
122	155	123
28	33	39
187	211	225
26	57	45
97	103	122
187	179	211
84	128	112
112	128	136
204	231	220
33	58	39
122	167	155
155	167	199
220	231	265
158	204	161
26	28	57
225	255	222
136	177	140
55	85	84
102	203	121
158	203	204
121	203	158
103	140	122
102	147	203
140	177	179
231	267	265
204	236	231
8	28	26
211	255	225
57	103	97
58	55	39
179	216	211
28	39	57
231	236	267
84	121	128
211	248	255
122	140	167
147	206	203
203	236	204
179	208	216
177	208	179
128	170	136
206	242	203
203	242	236
211	216	248
167	187	199
330	229	256
330	284	229
494	487	330
487	465	330
38	169	69
69	169	109
109	169	134
25	169	38
465	421	330
330	421	365
169	330	256
14	330	5
44	330	14
25	330	169
93	330	44
153	330	93
232	330	153
289	330	232
347	330	289
423	330	347
464	330	423
488	330	464
5	330	25
169	256	229
488	494	330
294	276	230
493	489	500
501	493	500
432	394	461
353	310	294
238	270	292
413	395	383
307	346	321
321	288	265
377	410	366
318	366	307
302	344	291
267	307	321
267	321	265
318	377	366
373	435	404
273	266	222
348	401	377
474	476	457
408	418	398
403	401	348
374	398	361
302	313	344
373	404	378
378	381	346
255	291	273
408	446	418
348	377	318
346	381	313
255	273	222
278	307	267
419	446	408
431	457	435
439	458	446
278	318	307
255	302	291
346	373	378
419	439	446
271	348	318
236	278	267
431	474	457
321	346	313
242	278	236
271	318	278
337	374	361
248	302	255
313	302	290
460	458	439
427	439	419
460	478	458
248	290	302
344	374	337
374	408	398
410	435	373
337	361	325
476	491	478
290	321	313
427	460	439
427	457	460
435	457	427
404	435	427
346	366	373
378	404	381
288	321	290
476	478	460
366	410	373
401	431	435
404	427	419
404	419	408
263	290	248
273	325	266
291	337	325
401	435	410
307	366	346
381	408	374
381	404	408
344	381	374
344	337	291
291	325	273
401	410	377
288	290	263
457	476	460
265	288	263
313	381	344
480	481	492
477	422	447
481	463	455
470	482	451
482	486	496
484	456	477
441	426	456
454	455	463
348	345	403
453	480	495
499	502	496
348	271	345
401	403	441
463	480	453
245	345	271
476	474	491
492	495	480
426	477	456
477	426	422
484	495	497
497	491	484
491	474	484
467	484	474
447	424	453
431	441	467
385	356	389
447	400	424
401	441	431
359	356	314
356	359	389
369	385	391
467	441	456
453	430	454
431	467	474
416	400	390
481	482	492
455	482	481
385	369	356
455	430	429
416	429	430
455	429	451
441	403	426
482	496	492
455	451	482
484	477	495
494	496	486
494	499	496
453	454	463
426	403	391
480	463	481
403	345	391
453	495	477
314	315	233
477	447	453
233	315	243
391	345	369
426	391	385
345	315	369
345	245	315
426	385	422
430	455	454
369	315	356
243	315	245
416	430	400
314	356	315
385	389	422
389	400	422
447	422	400
359	400	389
430	453	424
424	400	430
467	456	484
486	482	470
339	334	300
253	296	300
296	339	300
229	284	219
390	400	359
296	330	339
330	296	284
334	390	359
334	380	390
380	334	339
330	380	339
330	365	380
365	406	380
421	406	365
421	429	406
406	390	380
359	314	334
416	406	429
406	416	390
250	253	334
429	421	451
421	465	451
451	465	470
465	486	470
465	487	486
486	487	494
499	494	498
250	334	314
240	253	250
334	253	300
296	253	284
459	471	485
283	320	297
357	375	335
319	350	320
283	246	226
428	440	459
319	335	350
375	414	382
292	320	283
350	382	342
413	444	433
292	319	320
413	428	459
471	473	502
413	459	444
471	502	485
238	283	226
292	283	238
444	459	462
433	437	414
462	459	485
350	375	382
440	473	471
433	462	437
459	440	471
320	350	342
414	395	433
382	414	437
444	462	433
413	433	395
297	320	342
395	414	375
395	375	383
357	383	375
246	283	297
335	375	350
326	338	368
449	450	469
392	409	425
247	254	298
282	317	306
262	261	281
343	326	368
306	317	351
262	281	282
259	280	303
364	393	388
338	351	370
425	452	438
258	259	303
362	368	392
452	468	472
449	411	450
340	364	388
343	368	362
438	452	472
405	411	449
405	388	411
287	326	343
436	438	472
392	425	399
327	343	362
287	303	326
338	370	379
445	449	469
445	469	468
399	425	438
257	282	306
308	306	351
308	351	338
472	492	496
372	362	392
370	388	405
409	379	412
304	287	343
490	497	495
351	340	388
425	468	452
425	445	468
287	258	303
425	409	445
436	472	496
412	405	449
483	490	495
280	306	308
442	483	466
372	392	399
317	340	351
257	262	282
466	483	495
368	379	409
436	420	438
466	495	469
260	258	287
333	327	362
317	322	340
434	442	466
280	257	306
333	362	372
327	304	343
473	496	502
450	466	469
370	405	412
472	468	492
368	338	379
370	351	388
326	308	338
450	434	466
363	333	372
443	496	473
260	287	304
393	442	434
436	496	443
259	257	280
407	438	420
469	495	492
411	434	450
317	281	322
298	327	333
298	304	327
407	399	438
411	393	434
443	473	440
379	370	412
331	298	333
303	308	326
409	412	449
409	449	445
386	399	407
386	372	399
386	363	372
468	469	492
331	333	363
303	280	308
254	260	304
392	368	409
388	393	411
282	281	317
298	254	304
491	497	500
279	322	281
446	415	418
415	367	398
483	442	461
322	328	364
279	328	322
353	396	364
279	281	261
415	398	418
276	279	261
394	432	396
279	310	328
448	415	446
328	353	364
489	478	491
448	446	458
294	310	276
367	312	325
394	396	353
276	310	279
475	448	458
475	458	478
353	328	310
493	497	490
489	475	478
396	432	393
479	490	483
500	489	491
501	500	497
493	501	497
479	493	490
393	364	396
461	479	483
325	312	266
361	367	325
312	269	266
398	367	361
432	442	393
461	442	432
322	364	340