5
franka_link5
V
-0.0546690000000000	-0.00608200000000000	-0.258999000000000
-0.0535170000000000	-0.000250000000000000	-0.229627000000000
-0.0533520000000000	0.0116480000000000	-0.239282000000000
-0.0528570000000000	-0.0103870000000000	-0.231071000000000
-0.0527030000000000	0.0157490000000000	-0.259000000000000
-0.0517480000000000	-0.0182690000000000	-0.241467000000000
-0.0504120000000000	0.103391000000000	0.00173700000000000
-0.0503310000000000	0.0218570000000000	-0.229259000000000
-0.0502210000000000	0.00248800000000000	-0.207438000000000
-0.0501090000000000	-0.00498500000000000	-0.208982000000000
-0.0495540000000000	0.0184430000000000	-0.210111000000000
-0.0494630000000000	-0.0223640000000000	-0.230217000000000
-0.0492050000000000	0.0802940000000000	0.00401000000000000
-0.0490810000000000	0.102083000000000	0.0135300000000000
-0.0490180000000000	0.0835350000000000	-0.00613800000000000
-0.0485980000000000	-0.0257660000000000	-0.258999000000000
-0.0484130000000000	0.104762000000000	-0.0125330000000000
-0.0479030000000000	0.0158000000000000	0
-0.0478160000000000	0.0825670000000000	-0.00312300000000000
-0.0477780000000000	0.0804190000000000	0.00352200000000000
-0.0475440000000000	0.0774930000000000	0.0129130000000000
-0.0473050000000000	0.0840140000000000	-0.00761400000000000
-0.0472110000000000	0.0895990000000000	-0.00738100000000000
-0.0471320000000000	0.0925460000000000	0.00568000000000000
-0.0465450000000000	0.0316800000000000	-0.227324000000000
-0.0463030000000000	0.00189500000000000	-0.191057000000000
-0.0462620000000000	0.0775190000000000	0.0124270000000000
-0.0461870000000000	0.0988020000000000	-0.00110800000000000
-0.0460220000000000	-0.00979200000000000	-0.195124000000000
-0.0459550000000000	0.0859160000000000	-0.0135430000000000
-0.0459420000000000	0.0158000000000000	-0.0136520000000000
-0.0458110000000000	-0.0157190000000000	-0.199259000000000
-0.0456470000000000	0.100998000000000	0.0233550000000000
-0.0452950000000000	0.0896910000000000	0.0151980000000000
-0.0447060000000000	-0.0288450000000000	-0.220458000000000
-0.0447000000000000	0.0759520000000000	0.0172210000000000
-0.0446490000000000	0.0871380000000000	-0.0173570000000000
-0.0440240000000000	0.0914950000000000	-0.0181750000000000
-0.0438900000000000	0.100609000000000	0.0125860000000000
-0.0435580000000000	0.100372000000000	-0.0139330000000000
-0.0434940000000000	0.0336990000000000	-0.259000000000000
-0.0434930000000000	-0.0334950000000000	-0.232618000000000
-0.0433500000000000	-0.0338570000000000	-0.258999000000000
-0.0429820000000000	-0.0238360000000000	-0.202320000000000
-0.0426450000000000	0.0744430000000000	0.0218180000000000
-0.0420940000000000	0.0734460000000000	-0.0231030000000000
-0.0414210000000000	0.108969000000000	-0.00755000000000000
-0.0413800000000000	0.0995310000000000	0.0200780000000000
-0.0413270000000000	0.00135600000000000	-0.184246000000000
-0.0408460000000000	0.109580000000000	0.00873900000000000
-0.0407070000000000	0.111361000000000	-0.000587000000000000
-0.0406600000000000	0.114160000000000	-0.00855200000000000
-0.0401900000000000	0.100000000000000	0.0323400000000000
-0.0401580000000000	0.0730290000000000	0.0261140000000000
-0.0400590000000000	0.0416160000000000	-0.172876000000000
-0.0395370000000000	0.0723380000000000	0.0291710000000000
-0.0393020000000000	0.0501220000000000	-0.205213000000000
-0.0391850000000000	0.0907690000000000	0.0271730000000000
-0.0382940000000000	-0.0396150000000000	-0.235715000000000
-0.0377510000000000	0.106705000000000	-0.0369620000000000
-0.0372460000000000	0.0717070000000000	0.0301210000000000
-0.0372180000000000	-0.0111100000000000	-0.185725000000000
-0.0368580000000000	0.0621000000000000	-0.178648000000000
-0.0367930000000000	0.0254280000000000	-0.172214000000000
-0.0367750000000000	0.0926010000000000	-0.0345610000000000
-0.0365310000000000	0.0643510000000000	-0.0312100000000000
-0.0363910000000000	-0.0201370000000000	-0.191049000000000
-0.0356870000000000	-0.0414340000000000	-0.228934000000000
-0.0351510000000000	0.0158000000000000	0.0325760000000000
-0.0351500000000000	0.0448140000000000	-0.238073000000000
-0.0350620000000000	-0.0397310000000000	-0.217948000000000
-0.0348720000000000	0.107988000000000	0.0245030000000000
-0.0347600000000000	0.0746460000000000	-0.0363800000000000
-0.0346480000000000	0.0942250000000000	-0.0397700000000000
-0.0344740000000000	0.0981690000000000	0.0310170000000000
-0.0342800000000000	0.0849070000000000	-0.0420020000000000
-0.0341330000000000	0.0627980000000000	-0.152878000000000
-0.0340440000000000	0.0432210000000000	-0.259000000000000
-0.0338440000000000	0.0529460000000000	-0.218000000000000
-0.0332840000000000	0.0516810000000000	-0.156642000000000
-0.0331410000000000	0.0991820000000000	0.0398570000000000
-0.0330470000000000	0.121549000000000	-0.00338300000000000
-0.0326150000000000	0.122228000000000	0.00174900000000000
-0.0325000000000000	0.0450650000000000	-0.248020000000000
-0.0323910000000000	0.107342000000000	-0.0505610000000000
-0.0322430000000000	0.0958760000000000	-0.0471120000000000
-0.0320930000000000	0.0755370000000000	-0.151425000000000
-0.0320400000000000	0.0984050000000000	-0.0459160000000000
-0.0319780000000000	0.0734200000000000	-0.179822000000000
-0.0317500000000000	0.120517000000000	-0.00885600000000000
-0.0317420000000000	-0.0263960000000000	-0.192403000000000
-0.0316430000000000	0.0697710000000000	0.0359690000000000
-0.0316230000000000	0.121656000000000	-0.00257500000000000
-0.0316120000000000	0.119763000000000	-0.0149520000000000
-0.0316000000000000	0.115859000000000	-0.0218230000000000
-0.0315680000000000	0.0841510000000000	-0.0482530000000000
-0.0313750000000000	0.120517000000000	-0.00995600000000000
-0.0311730000000000	0.0881430000000000	-0.0566290000000000
-0.0311690000000000	0.121647000000000	0.00756300000000000
-0.0311630000000000	0.0770180000000000	-0.179977000000000
-0.0311190000000000	0.0715240000000000	-0.190431000000000
-0.0309880000000000	0.122299000000000	0.00228900000000000
-0.0307620000000000	-0.0392220000000000	-0.206668000000000
-0.0305560000000000	0.0736700000000000	-0.130133000000000
-0.0302880000000000	-0.0148100000000000	-0.182840000000000
-0.0301850000000000	0.0968630000000000	-0.0575040000000000
-0.0301760000000000	0.122699000000000	0.00531000000000000
-0.0298920000000000	0.0918990000000000	0.0369950000000000
-0.0298800000000000	0.119214000000000	-0.0173660000000000
-0.0298430000000000	0.0785120000000000	-0.171283000000000
-0.0296520000000000	0.0966320000000000	-0.0648940000000000
-0.0294660000000000	-0.0464780000000000	-0.236985000000000
-0.0294470000000000	0.0858720000000000	-0.129752000000000
-0.0294170000000000	0.0761000000000000	-0.184628000000000
-0.0292950000000000	0.0690490000000000	0.0394340000000000
-0.0291400000000000	0.0690920000000000	0.0380200000000000
-0.0291030000000000	0.0527090000000000	-0.228245000000000
-0.0290400000000000	0.104376000000000	-0.0490390000000000
-0.0289730000000000	0.100059000000000	-0.0586350000000000
-0.0288920000000000	0.102350000000000	0.0346010000000000
-0.0288610000000000	0.0745120000000000	-0.194300000000000
-0.0287800000000000	0.0921200000000000	-0.152783000000000
-0.0287450000000000	0.123180000000000	0.00894800000000000
-0.0287280000000000	-0.000896000000000000	-0.175102000000000
-0.0284800000000000	0.0750560000000000	-0.190508000000000
-0.0284090000000000	0.0158000000000000	-0.0385820000000000
-0.0283410000000000	0.0883270000000000	-0.130964000000000
-0.0282200000000000	0.118238000000000	-0.0228670000000000
-0.0273970000000000	0.0744120000000000	-0.194166000000000
-0.0273410000000000	0.0773790000000000	-0.0463040000000000
-0.0272650000000000	0.0573050000000000	-0.145223000000000
-0.0271500000000000	0.123960000000000	0.0148440000000000
-0.0270890000000000	0.0674630000000000	-0.131365000000000
-0.0270100000000000	0.0450590000000000	-0.154326000000000
-0.0269890000000000	0.123611000000000	0.0122130000000000
-0.0263370000000000	0.117935000000000	0.0242770000000000
-0.0260960000000000	0.122150000000000	0.0177480000000000
-0.0260090000000000	-0.0478660000000000	-0.229636000000000
-0.0257400000000000	0.0738120000000000	-0.197558000000000
-0.0256540000000000	0.0800020000000000	-0.0530950000000000
-0.0251140000000000	0.0858930000000000	-0.185625000000000
-0.0249830000000000	0.0681420000000000	0.0408700000000000
-0.0247520000000000	0.124016000000000	0.0152710000000000
-0.0243730000000000	0.107066000000000	-0.0602450000000000
-0.0242410000000000	-0.0493880000000000	-0.259000000000000
-0.0240400000000000	0.0733510000000000	-0.200120000000000
-0.0237260000000000	0.0785530000000000	-0.193123000000000
-0.0235250000000000	0.0880690000000000	-0.165835000000000
-0.0233680000000000	0.122615000000000	-0.0178540000000000
-0.0232060000000000	0.116981000000000	0.0301820000000000
-0.0228130000000000	0.126265000000000	-0.00159600000000000
-0.0226630000000000	0.124322000000000	0.0175810000000000
-0.0226220000000000	0.0316810000000000	-0.159596000000000
-0.0225490000000000	0.126072000000000	0.0105700000000000
-0.0223920000000000	0.0569520000000000	-0.142241000000000
-0.0223070000000000	0.0909740000000000	0.0421280000000000
-0.0222870000000000	0.111549000000000	-0.0546190000000000
-0.0220210000000000	0.0640400000000000	-0.131072000000000
-0.0219710000000000	0.0729280000000000	-0.202490000000000
-0.0216380000000000	0.0675150000000000	0.0427580000000000
-0.0215480000000000	0.0506240000000000	-0.259000000000000
-0.0213230000000000	0.0726780000000000	-0.205092000000000
-0.0212270000000000	-0.0483640000000000	-0.218881000000000
-0.0212220000000000	0.111791000000000	-0.0502870000000000
-0.0212090000000000	0.0945090000000000	-0.153432000000000
-0.0207330000000000	-0.00309000000000000	-0.172542000000000
-0.0207230000000000	0.114464000000000	-0.0431490000000000
-0.0197870000000000	0.124652000000000	0.0200710000000000
-0.0197330000000000	0.0732410000000000	-0.0473390000000000
-0.0195770000000000	0.0725380000000000	-0.204650000000000
-0.0190150000000000	0.0839200000000000	-0.189471000000000
-0.0187780000000000	0.0521790000000000	-0.250045000000000
-0.0184140000000000	0.0772010000000000	-0.0549060000000000
-0.0184120000000000	0.0669870000000000	-0.0449540000000000
-0.0183570000000000	0.121646000000000	0.0263720000000000
-0.0179940000000000	0.112282000000000	-0.0581800000000000
-0.0177440000000000	0.112359000000000	-0.0537320000000000
-0.0177430000000000	0.0829310000000000	-0.199962000000000
-0.0175630000000000	0.126367000000000	0.0173370000000000
-0.0172810000000000	0.100921000000000	0.0421630000000000
-0.0172290000000000	0.0927660000000000	-0.159284000000000
-0.0170350000000000	0.0158000000000000	0.0447950000000000
-0.0169490000000000	-0.0523340000000000	-0.258999000000000
-0.0168510000000000	-0.0476960000000000	-0.210248000000000
-0.0168080000000000	-0.0517700000000000	-0.234115000000000
-0.0166660000000000	0.110839000000000	-0.0615000000000000
-0.0165640000000000	0.0462890000000000	-0.150017000000000
-0.0165040000000000	0.108032000000000	-0.0772910000000000
-0.0164650000000000	0.0880070000000000	-0.179809000000000
-0.0164290000000000	0.0721490000000000	-0.206803000000000
-0.0162780000000000	0.124960000000000	0.0223980000000000
-0.0162540000000000	0.112954000000000	0.0362040000000000
-0.0156590000000000	0.0158000000000000	-0.0452950000000000
-0.0154610000000000	0.102638000000000	-0.113152000000000
-0.0154590000000000	0.103156000000000	-0.107632000000000
-0.0154560000000000	0.105125000000000	-0.0966290000000000
-0.0154550000000000	0.101224000000000	-0.118514000000000
-0.0154520000000000	0.104249000000000	-0.101520000000000
-0.0153370000000000	0.0955340000000000	-0.148252000000000
-0.0152660000000000	0.104056000000000	-0.102797000000000
-0.0151660000000000	0.104037000000000	-0.103003000000000
-0.0151030000000000	0.0826290000000000	-0.195176000000000
-0.0150220000000000	-0.0397920000000000	-0.196632000000000
-0.0149420000000000	0.0665950000000000	0.0455320000000000
-0.0147310000000000	0.104026000000000	-0.103504000000000
-0.0145870000000000	-0.0143240000000000	-0.176506000000000
-0.0144570000000000	0.0933750000000000	-0.164952000000000
-0.0143940000000000	-0.0305180000000000	-0.187161000000000
-0.0142830000000000	0.105922000000000	-0.0933480000000000
-0.0142810000000000	0.104788000000000	-0.0996820000000000
-0.0142560000000000	0.104418000000000	-0.101773000000000
-0.0141540000000000	0.104376000000000	-0.102104000000000
-0.0140710000000000	0.0929990000000000	-0.161380000000000
-0.0140660000000000	0.104081000000000	-0.103842000000000
-0.0140360000000000	0.104370000000000	-0.102251000000000
-0.0140060000000000	0.0718720000000000	-0.209723000000000
-0.0139070000000000	-0.0518060000000000	-0.227127000000000
-0.0138330000000000	0.0993000000000000	-0.130587000000000
-0.0137930000000000	0.109723000000000	0.0422240000000000
-0.0135540000000000	0.116329000000000	-0.0445940000000000
-0.0134160000000000	0.104428000000000	-0.102503000000000
-0.0132330000000000	0.0652880000000000	-0.217673000000000
-0.0131550000000000	0.0914680000000000	0.0457580000000000
-0.0130380000000000	0.102368000000000	-0.114428000000000
-0.0127750000000000	0.104293000000000	-0.103828000000000
-0.0127710000000000	0.104569000000000	-0.102279000000000
-0.0127460000000000	0.100705000000000	-0.124015000000000
-0.0126610000000000	0.104611000000000	-0.102140000000000
-0.0125810000000000	0.104660000000000	-0.101933000000000
-0.0125800000000000	0.125197000000000	0.0241880000000000
-0.0125130000000000	0.105062000000000	-0.0997290000000000
-0.0123670000000000	0.101135000000000	-0.121949000000000
-0.0121090000000000	0.0912610000000000	-0.170261000000000
-0.0118010000000000	0.104593000000000	-0.102964000000000
-0.0117820000000000	0.104601000000000	-0.102932000000000
-0.0117040000000000	0.126252000000000	-0.0166290000000000
-0.0116030000000000	0.0560640000000000	-0.240101000000000
-0.0115670000000000	0.104767000000000	-0.102165000000000
-0.0114560000000000	0.106332000000000	-0.0934160000000000
-0.0114530000000000	0.105825000000000	-0.0962790000000000
-0.0114020000000000	0.105217000000000	-0.0997530000000000
-0.0114020000000000	0.129150000000000	0.00155500000000000
-0.0112510000000000	0.0998350000000000	-0.129723000000000
-0.0112500000000000	0.0994720000000000	-0.131589000000000
-0.0111340000000000	0.0979380000000000	0.0509730000000000
-0.0111210000000000	0.0716980000000000	-0.209262000000000
-0.0110870000000000	0.105021000000000	-0.101104000000000
-0.0108790000000000	0.104712000000000	-0.103012000000000
-0.0106000000000000	0.0913770000000000	-0.176009000000000
-0.0102980000000000	0.0905790000000000	-0.174065000000000
-0.0100780000000000	0.104091000000000	-0.107134000000000
-0.0100760000000000	0.103607000000000	-0.109875000000000
-0.00995700000000000	0.0877050000000000	-0.190571000000000
-0.00973000000000000	0.117872000000000	0.0345320000000000
-0.00927000000000000	0.0903990000000000	-0.175319000000000
-0.00917900000000000	0.125626000000000	0.0274330000000000
-0.00873300000000000	0.0819810000000000	-0.198225000000000
-0.00867100000000000	0.0991740000000000	-0.135498000000000
-0.00849900000000000	0.105082000000000	-0.105207000000000
-0.00849800000000000	0.100641000000000	-0.127325000000000
-0.00849800000000000	0.102331000000000	-0.120726000000000
-0.00849700000000000	0.102978000000000	-0.114530000000000
-0.00849600000000000	0.0376700000000000	-0.154446000000000
-0.00849600000000000	0.101633000000000	-0.122032000000000
-0.00849600000000000	0.105564000000000	-0.0998120000000000
-0.00849400000000000	0.102487000000000	-0.117295000000000
-0.00849400000000000	0.103691000000000	-0.110506000000000
-0.00849400000000000	0.105019000000000	-0.102938000000000
-0.00849300000000000	0.0628950000000000	-0.128396000000000
-0.00849300000000000	0.100737000000000	-0.126824000000000
-0.00849300000000000	0.104730000000000	-0.104595000000000
-0.00847100000000000	0.0660480000000000	0.0471550000000000
-0.00821400000000000	0.125388000000000	0.0256300000000000
-0.00780200000000000	0.0902740000000000	-0.176456000000000
-0.00766700000000000	0.0660360000000000	0.0487130000000000
-0.00753200000000000	0.124667000000000	0.0271690000000000
-0.00732800000000000	-0.0248290000000000	-0.181688000000000
-0.00705600000000000	-0.0506580000000000	-0.212520000000000
-0.00695200000000000	0.0714860000000000	-0.210410000000000
-0.00677800000000000	0.105372000000000	-0.101954000000000
-0.00677800000000000	0.106467000000000	-0.0956190000000000
-0.00677800000000000	0.107108000000000	-0.0918970000000000
-0.00677700000000000	0.106273000000000	-0.0967460000000000
-0.00613900000000000	0.107135000000000	-0.0947450000000000
-0.00601900000000000	0.0902230000000000	-0.177291000000000
-0.00597400000000000	0.106419000000000	-0.0963300000000000
-0.00597200000000000	0.106040000000000	-0.0985310000000000
-0.00572100000000000	0.0560060000000000	-0.244250000000000
-0.00541200000000000	0.128772000000000	0.0161230000000000
-0.00530500000000000	0.105181000000000	-0.103855000000000
-0.00510000000000000	0.105394000000000	-0.102731000000000
-0.00508500000000000	0.0815570000000000	-0.206300000000000
-0.00470000000000000	-0.0470080000000000	-0.204119000000000
-0.00449400000000000	0.104713000000000	-0.106955000000000
-0.00428500000000000	0.119387000000000	0.0357140000000000
-0.00423300000000000	0.125489000000000	0.0263990000000000
-0.00419900000000000	0.106380000000000	-0.0974580000000000
-0.00412900000000000	0.0658520000000000	0.0477420000000000
-0.00396300000000000	0.0910490000000000	-0.179653000000000
-0.00342400000000000	0.107931000000000	0.0425100000000000
-0.00337700000000000	0.113252000000000	-0.0597580000000000
-0.00335300000000000	-0.0391360000000000	-0.193187000000000
-0.00299800000000000	0.105692000000000	-0.102006000000000
-0.00299800000000000	0.106538000000000	-0.0971070000000000
-0.00299800000000000	0.106785000000000	-0.0956710000000000
-0.00299800000000000	0.107423000000000	-0.0919480000000000
-0.00299700000000000	0.104410000000000	-0.109375000000000
-0.00299700000000000	0.106286000000000	-0.0985710000000000
-0.00299700000000000	0.106413000000000	-0.0978320000000000
-0.00299600000000000	0.105110000000000	-0.105365000000000
-0.00295200000000000	0.0549450000000000	-0.259000000000000
-0.00268200000000000	0.0572460000000000	-0.138397000000000
-0.00236700000000000	0.0635630000000000	-0.0480800000000000
-0.00223000000000000	0.0713640000000000	-0.211015000000000
-0.00151900000000000	0.0753920000000000	-0.0573820000000000
-0.00151300000000000	0.0994110000000000	-0.135902000000000
-0.000821000000000000	0.0158000000000000	-0.0479160000000000
-0.000522000000000000	0.107226000000000	-0.0921970000000000
-0.000516000000000000	0.0902570000000000	-0.178131000000000
-0.000223000000000000	0.0999960000000000	-0.133424000000000
-0.000164000000000000	0.125531000000000	0.0267090000000000
-0.000142000000000000	-0.0544860000000000	-0.241218000000000
0	0.0657950000000000	0.0479080000000000
0.000219000000000000	0.0732650000000000	-0.0526220000000000
0.000659000000000000	0.0909840000000000	0.0476590000000000
0.000837000000000000	0.0694670000000000	-0.0497390000000000
0.00137200000000000	0.118334000000000	0.0354320000000000
0.00138500000000000	0.0819910000000000	-0.198944000000000
0.00236600000000000	0.125787000000000	0.0286460000000000
0.00265300000000000	0.0932960000000000	-0.166161000000000
0.00270000000000000	0.0980850000000000	0.0463240000000000
0.00274000000000000	-0.00270600000000000	-0.170490000000000
0.00283100000000000	0.0713760000000000	-0.210956000000000
0.00287000000000000	0.126974000000000	-0.0171630000000000
0.00295400000000000	0.0626610000000000	-0.224979000000000
0.00323300000000000	0.0902390000000000	-0.177896000000000
0.00353100000000000	0.0539780000000000	-0.142334000000000
0.00353400000000000	0.0897090000000000	-0.179762000000000
0.00428500000000000	0.0658570000000000	0.0477260000000000
0.00430900000000000	0.106325000000000	0.0468630000000000
0.00456200000000000	0.0556420000000000	-0.246983000000000
0.00461900000000000	-0.0507560000000000	-0.211982000000000
0.00478600000000000	0.0910360000000000	-0.179482000000000
0.00484400000000000	0.0714180000000000	-0.212251000000000
0.00491600000000000	0.0978270000000000	0.0519710000000000
0.00500200000000000	0.125477000000000	0.0263070000000000
0.00541100000000000	0.129208000000000	0.0134160000000000
0.00578900000000000	-0.0445060000000000	-0.200242000000000
0.00586300000000000	0.124678000000000	0.0275520000000000
0.00587500000000000	0.0441400000000000	-0.150519000000000
0.00593800000000000	0.0902230000000000	-0.177328000000000
0.00637400000000000	0.0158000000000000	0.0474980000000000
0.00650300000000000	-0.0370590000000000	-0.191370000000000
0.00700700000000000	0.113049000000000	-0.0594800000000000
0.00701600000000000	0.129191000000000	-0.00417400000000000
0.00727700000000000	0.0715010000000000	-0.210311000000000
0.00798800000000000	-0.0253630000000000	-0.182107000000000
0.00804500000000000	0.0902860000000000	-0.176312000000000
0.00823700000000000	-0.0535170000000000	-0.234792000000000
0.00838000000000000	0.115988000000000	0.0382860000000000
0.00928400000000000	0.0874570000000000	-0.191522000000000
0.00935000000000000	0.108085000000000	0.0415360000000000
0.00935100000000000	0.125348000000000	0.0253410000000000
0.00960300000000000	0.0684580000000000	-0.213987000000000
0.00985100000000000	0.0821620000000000	-0.197774000000000
0.0103940000000000	0.0906000000000000	-0.173921000000000
0.0103990000000000	0.0716550000000000	-0.209498000000000
0.0107200000000000	-0.0499080000000000	-0.212020000000000
0.0111140000000000	0.0662320000000000	0.0466100000000000
0.0118490000000000	0.0911200000000000	-0.171005000000000
0.0119750000000000	0.0820130000000000	-0.204212000000000
0.0130170000000000	0.0922660000000000	-0.170928000000000
0.0133240000000000	0.0718560000000000	-0.208415000000000
0.0133320000000000	0.0582800000000000	-0.231891000000000
0.0137050000000000	0.125134000000000	0.0237100000000000
0.0137330000000000	0.0925930000000000	-0.163427000000000
0.0139730000000000	0.0532070000000000	-0.259000000000000
0.0141750000000000	0.0973250000000000	0.0443750000000000
0.0148580000000000	0.0685500000000000	-0.0466690000000000
0.0149020000000000	0.0666270000000000	0.0469130000000000
0.0154310000000000	0.0915520000000000	0.0450310000000000
0.0154780000000000	0.0958960000000000	-0.146328000000000
0.0155790000000000	0.0158000000000000	-0.0453210000000000
0.0159850000000000	0.0985550000000000	-0.131594000000000
0.0162330000000000	-0.0525730000000000	-0.259000000000000
0.0163250000000000	0.0827120000000000	-0.194274000000000
0.0163980000000000	0.0720820000000000	-0.208524000000000
0.0166510000000000	0.110823000000000	-0.0615690000000000
0.0167900000000000	0.0578600000000000	-0.139089000000000
0.0168130000000000	0.0530290000000000	-0.248643000000000
0.0171390000000000	0.0668580000000000	0.0447340000000000
0.0174540000000000	-0.0495660000000000	-0.218277000000000
0.0175550000000000	0.112152000000000	-0.0547700000000000
0.0175700000000000	0.125140000000000	0.0237570000000000
0.0176790000000000	-0.0230370000000000	-0.182505000000000
0.0177650000000000	0.123484000000000	0.0241160000000000
0.0178550000000000	-0.0433890000000000	-0.203025000000000
0.0179090000000000	0.0923250000000000	-0.160264000000000
0.0180480000000000	0.111908000000000	-0.0550270000000000
0.0183700000000000	0.126953000000000	-0.00699900000000000
0.0183830000000000	0.124788000000000	0.0210950000000000
0.0185240000000000	0.0723970000000000	-0.205429000000000
0.0185300000000000	-0.0508890000000000	-0.229993000000000
0.0188340000000000	0.0647860000000000	-0.126136000000000
0.0190000000000000	0.113376000000000	-0.0486470000000000
0.0192510000000000	0.126826000000000	0.0130500000000000
0.0193430000000000	0.123368000000000	-0.0202270000000000
0.0194960000000000	-0.00637600000000000	-0.173625000000000
0.0195480000000000	0.0911550000000000	-0.171904000000000
0.0198510000000000	0.0312360000000000	-0.158927000000000
0.0202330000000000	0.111138000000000	0.0354970000000000
0.0203350000000000	0.127281000000000	0.00515700000000000
0.0203450000000000	0.0510520000000000	-0.147170000000000
0.0204460000000000	0.0836500000000000	-0.196553000000000
0.0209310000000000	0.0983000000000000	0.0476810000000000
0.0209690000000000	0.0727530000000000	-0.203458000000000
0.0211670000000000	0.112018000000000	0.0368410000000000
0.0213390000000000	0.114804000000000	-0.0414050000000000
0.0216680000000000	-0.0504790000000000	-0.239939000000000
0.0218810000000000	0.124421000000000	0.0183170000000000
0.0220020000000000	0.124343000000000	0.0183550000000000
0.0221010000000000	0.0863450000000000	-0.176964000000000
0.0227080000000000	-0.0348490000000000	-0.194747000000000
0.0227170000000000	0.0784420000000000	-0.0536110000000000
0.0227340000000000	0.0784320000000000	-0.194645000000000
0.0231610000000000	0.0729750000000000	-0.203363000000000
0.0232800000000000	0.0632580000000000	-0.214439000000000
0.0235160000000000	0.0921700000000000	-0.146925000000000
0.0235410000000000	0.112551000000000	-0.0438280000000000
0.0236800000000000	0.0669870000000000	-0.0425150000000000
0.0241070000000000	0.0901730000000000	0.0412070000000000
0.0243570000000000	0.0769260000000000	-0.0484820000000000
0.0243810000000000	0.0680210000000000	0.0412390000000000
0.0247820000000000	0.102470000000000	0.0376080000000000
0.0248010000000000	0.0583170000000000	-0.221747000000000
0.0248190000000000	0.124007000000000	0.0152000000000000
0.0253120000000000	0.124266000000000	0.0171470000000000
0.0253960000000000	0.0508490000000000	-0.241233000000000
0.0254860000000000	0.0737360000000000	-0.197982000000000
0.0261830000000000	0.0685970000000000	-0.126501000000000
0.0268950000000000	-0.0429570000000000	-0.209473000000000
0.0269160000000000	0.0876380000000000	-0.176909000000000
0.0270350000000000	0.113892000000000	0.0281630000000000
0.0271230000000000	0.123578000000000	0.0119480000000000
0.0271410000000000	0.0743050000000000	-0.194778000000000
0.0272580000000000	0.112546000000000	-0.0419470000000000
0.0274660000000000	0.0899430000000000	-0.131284000000000
0.0276290000000000	-0.0285250000000000	-0.191423000000000
0.0276380000000000	0.104037000000000	-0.0554280000000000
0.0276690000000000	0.117948000000000	-0.0245030000000000
0.0283670000000000	-0.0132630000000000	-0.180815000000000
0.0284580000000000	0.0750310000000000	-0.190655000000000
0.0286820000000000	0.0828910000000000	-0.0537680000000000
0.0287520000000000	0.0566660000000000	-0.147293000000000
0.0289290000000000	0.0690340000000000	0.0381930000000000
0.0289370000000000	0.0934570000000000	-0.145248000000000
0.0289410000000000	0.0724430000000000	-0.0413040000000000
0.0290770000000000	0.123086000000000	0.00822500000000000
0.0291660000000000	0.0757140000000000	-0.186768000000000
0.0292650000000000	0.0746580000000000	-0.189232000000000
0.0293530000000000	0.123388000000000	0.00232600000000000
0.0293600000000000	0.0747730000000000	-0.192755000000000
0.0294260000000000	0.106321000000000	-0.0665230000000000
0.0294360000000000	0.121299000000000	0.0137840000000000
0.0294420000000000	0.0860450000000000	-0.128769000000000
0.0295730000000000	0.0961680000000000	-0.0689470000000000
0.0296200000000000	0.119040000000000	-0.0183160000000000
0.0296440000000000	0.0766490000000000	-0.181610000000000
0.0298170000000000	0.118730000000000	-0.0212480000000000
0.0298250000000000	0.0778260000000000	-0.175113000000000
0.0298470000000000	0.118795000000000	-0.0185490000000000
0.0298590000000000	0.0968490000000000	-0.0610040000000000
0.0301260000000000	0.0903980000000000	0.0370070000000000
0.0301720000000000	0.0968570000000000	-0.0576810000000000
0.0303560000000000	0.0740560000000000	-0.128083000000000
0.0304710000000000	0.122576000000000	0.00437200000000000
0.0304880000000000	-0.0458960000000000	-0.247323000000000
0.0304970000000000	-0.00186600000000000	-0.176482000000000
0.0306240000000000	0.0620510000000000	-0.207021000000000
0.0307490000000000	0.0980990000000000	-0.0516810000000000
0.0308810000000000	0.0966210000000000	-0.0529960000000000
0.0309400000000000	0.0841250000000000	-0.0497380000000000
0.0310540000000000	0.0778400000000000	-0.127343000000000
0.0311340000000000	0.112646000000000	0.0282260000000000
0.0311570000000000	0.0770180000000000	-0.179977000000000
0.0311810000000000	0.0158000000000000	0.0363940000000000
0.0312180000000000	0.0793500000000000	-0.0438310000000000
0.0312520000000000	0.102566000000000	-0.0444270000000000
0.0312740000000000	0.0895170000000000	-0.0572700000000000
0.0315100000000000	0.0295740000000000	-0.165710000000000
0.0315510000000000	0.120880000000000	-0.00787300000000000
0.0315650000000000	0.121814000000000	-0.00138000000000000
0.0315690000000000	0.0696290000000000	0.0376300000000000
0.0318610000000000	0.0763000000000000	-0.150930000000000
0.0319010000000000	0.0737950000000000	-0.178692000000000
0.0319950000000000	0.0960220000000000	-0.0480370000000000
0.0322660000000000	0.0875040000000000	-0.0497340000000000
0.0322910000000000	0.122453000000000	0.00344200000000000
0.0327630000000000	0.120849000000000	-0.00822400000000000
0.0328590000000000	0.0498980000000000	-0.227925000000000
0.0329130000000000	0.0561060000000000	-0.153580000000000
0.0329930000000000	0.0440430000000000	-0.259000000000000
0.0330460000000000	-0.0423130000000000	-0.221720000000000
0.0335060000000000	0.119952000000000	-0.00455500000000000
0.0335390000000000	0.112507000000000	0.0217610000000000
0.0337860000000000	0.0948530000000000	-0.0421990000000000
0.0342290000000000	0.0705830000000000	0.0335180000000000
0.0343190000000000	-0.0363790000000000	-0.206440000000000
0.0343620000000000	0.0797340000000000	-0.0393120000000000
0.0347680000000000	0.103403000000000	0.0280730000000000
0.0347780000000000	0.0620760000000000	-0.155305000000000
0.0364470000000000	-0.0412390000000000	-0.234140000000000
0.0368340000000000	-0.000249000000000000	-0.180414000000000
0.0370300000000000	0.106837000000000	-0.0385230000000000
0.0371320000000000	0.116579000000000	0.0110960000000000
0.0372600000000000	0.0682840000000000	-0.0309100000000000
0.0376070000000000	0.0920040000000000	-0.0326750000000000
0.0378140000000000	0.0158000000000000	-0.0294390000000000
0.0379860000000000	-0.0397900000000000	-0.259000000000000
0.0382280000000000	0.0721220000000000	0.0288650000000000
0.0384140000000000	0.0917180000000000	0.0280720000000000
0.0384250000000000	0.114537000000000	0.00333100000000000
0.0385040000000000	0.0523020000000000	-0.203190000000000
0.0385560000000000	0.0463290000000000	-0.168531000000000
0.0395750000000000	-0.0372410000000000	-0.226003000000000
0.0396750000000000	0.0999250000000000	0.0330070000000000
0.0402050000000000	-0.0281530000000000	-0.202731000000000
0.0402940000000000	0.105920000000000	0.0167310000000000
0.0407280000000000	0.114697000000000	-0.00500700000000000
0.0407700000000000	0.0408090000000000	-0.229783000000000
0.0412230000000000	-0.0137460000000000	-0.191307000000000
0.0413850000000000	0.109431000000000	-0.00626900000000000
0.0414660000000000	0.0732230000000000	0.0263820000000000
0.0420250000000000	0.0740540000000000	0.0229980000000000
0.0426930000000000	0.106934000000000	0.00623100000000000
0.0440060000000000	0.0876450000000000	-0.0189480000000000
0.0440150000000000	-0.0209960000000000	-0.200782000000000
0.0441070000000000	0.0754690000000000	0.0186960000000000
0.0447330000000000	0.0934620000000000	0.0154890000000000
0.0448460000000000	0.101150000000000	-0.00762600000000000
0.0448850000000000	-0.0319600000000000	-0.239119000000000
0.0451040000000000	0.0158000000000000	-0.0162050000000000
0.0452940000000000	0.0914990000000000	-0.0146700000000000
0.0454130000000000	0.0970220000000000	0.0106620000000000
0.0454930000000000	0.100978000000000	0.0236670000000000
0.0455840000000000	0.0863020000000000	-0.0147420000000000
0.0457830000000000	0.0101920000000000	-0.188504000000000
0.0459580000000000	0.0158000000000000	0.0135880000000000
0.0461780000000000	0.0774070000000000	0.0127740000000000
0.0461780000000000	0.0988580000000000	0.000446000000000000
0.0465810000000000	0.0867440000000000	-0.0161590000000000
0.0466050000000000	0.0292190000000000	-0.259000000000000
0.0467210000000000	0.0849930000000000	-0.0106590000000000
0.0467950000000000	-0.0270580000000000	-0.226407000000000
0.0468290000000000	0.0309210000000000	-0.228956000000000
0.0470140000000000	-0.00447600000000000	-0.194479000000000
0.0471120000000000	0.0787350000000000	0.00869800000000000
0.0475490000000000	0.0834700000000000	-0.00592300000000000
0.0478260000000000	0.0885220000000000	-0.00136800000000000
0.0478430000000000	0.0289160000000000	-0.219743000000000
0.0478450000000000	0.0158000000000000	0.00275400000000000
0.0478510000000000	0.0808920000000000	0.00206400000000000
0.0479160000000000	0.0779300000000000	0.0115280000000000
0.0486190000000000	-0.0200200000000000	-0.219269000000000
0.0492800000000000	0.104458000000000	-0.00909800000000000
0.0493930000000000	0.0811630000000000	0.00124100000000000
0.0494850000000000	-0.0240290000000000	-0.259000000000000
0.0500610000000000	0.0204440000000000	-0.217473000000000
0.0502950000000000	0.00411500000000000	-0.207789000000000
0.0503900000000000	0.103516000000000	0.000641000000000000
0.0509510000000000	0.0207260000000000	-0.259000000000000
0.0517150000000000	-0.0146880000000000	-0.228731000000000
0.0521930000000000	0.0146830000000000	-0.230365000000000
0.0523510000000000	-0.00641500000000000	-0.223237000000000
0.0529940000000000	-0.0147480000000000	-0.259000000000000
0.0537560000000000	0.00586500000000000	-0.234378000000000
0.0549570000000000	0.00243700000000000	-0.259000000000000
F
1	519	385
5	41	1
1	567	519
41	78	1
78	161	1
1	575	567
161	311	1
1	577	575
311	377	1
1	571	577
16	1	43
43	1	145
1	552	571
377	502	1
145	1	183
183	1	385
502	552	1
3	5	1
161	172	311
16	6	1
322	183	385
71	68	163
11	3	9
87	77	104
41	25	70
59	112	68
44	71	103
335	237	222
42	43	59
57	70	25
42	68	71
35	71	44
42	59	68
35	42	71
16	43	42
89	63	87
288	311	172
288	172	237
87	63	11
8	3	11
84	41	70
55	11	9
87	11	55
12	35	44
79	70	57
117	70	79
12	42	35
84	78	41
288	237	335
12	16	42
32	12	44
8	5	3
89	87	127
6	16	12
10	12	32
341	311	288
202	79	147
29	10	32
257	79	202
222	117	257
101	89	148
89	57	63
63	8	11
222	70	117
4	6	12
172	78	84
222	364	335
84	70	222
217	322	342
25	5	8
4	12	10
171	101	148
148	89	127
117	79	257
172	161	78
4	1	6
9	10	29
185	322	217
163	278	184
328	365	222
217	342	278
217	278	163
185	183	322
138	112	185
26	9	29
25	8	57
9	4	10
101	57	89
112	145	183
237	172	84
2	1	4
163	184	103
101	79	57
112	183	185
237	84	222
9	2	4
138	185	217
163	138	217
57	8	63
41	5	25
3	1	2
59	43	145
68	138	163
87	55	77
59	145	112
71	163	103
9	26	55
68	112	138
147	79	101
3	2	9
127	119	144
148	127	144
87	98	119
127	87	119
87	104	98
76	130	73
73	130	169
66	46	73
96	130	76
73	46	76
98	96	76
223	156	182
313	317	193
174	313	193
325	223	182
174	193	126
66	174	126
66	126	31
46	66	31
38	46	31
23	38	31
23	31	18
24	23	18
34	24	18
34	18	69
58	34	69
108	58	69
156	108	69
156	69	182
28	23	24
28	38	23
379	430	383
325	182	352
381	325	352
379	383	317
313	379	317
381	352	486
431	381	486
473	431	486
473	486	548
521	473	548
539	521	548
539	548	561
559	539	561
543	559	561
543	561	542
516	543	542
516	542	518
457	516	518
430	457	518
430	518	383
31	561	18
542	561	31
126	193	31
69	352	182
561	548	18
18	548	69
69	486	352
548	486	69
317	518	193
383	518	317
518	542	193
193	542	31
543	540	550
550	559	543
169	130	140
315	169	173
324	169	315
96	98	140
174	169	313
313	169	324
313	324	326
174	73	169
174	66	73
140	130	96
169	140	173
404	424	315
269	404	315
269	315	173
158	269	173
133	158	140
158	173	140
133	140	98
104	133	98
88	76	46
46	38	88
118	88	38
88	119	98
88	144	119
38	40	118
88	118	144
76	88	98
34	58	48
147	171	202
101	171	147
38	28	40
180	120	156
99	90	51
137	99	50
108	75	58
48	39	34
75	72	48
47	40	28
300	192	180
192	136	120
300	254	192
327	276	254
192	175	136
120	75	108
75	48	58
223	180	156
300	327	254
136	175	137
72	50	48
223	300	180
51	47	28
99	51	50
254	276	175
39	24	34
180	192	120
120	136	72
72	137	50
254	175	192
331	300	223
51	28	50
300	331	362
156	120	108
47	90	95
331	223	325
120	72	75
50	28	39
48	50	39
39	28	24
136	137	72
90	47	51
510	443	434
528	505	510
434	378	431
550	540	535
532	522	535
349	276	327
539	544	528
464	421	443
381	378	325
544	535	528
539	528	510
396	349	327
528	522	505
535	522	528
434	443	411
521	510	473
473	434	431
378	362	331
431	378	381
522	461	464
362	327	300
411	396	327
505	522	464
411	327	362
510	505	443
443	396	411
539	510	521
544	550	535
532	504	522
473	510	434
443	421	396
544	559	550
522	504	461
505	464	443
378	331	325
378	411	362
434	411	378
540	532	535
164	118	95
118	164	144
40	47	118
47	95	118
137	154	99
461	504	400
179	242	154
412	464	461
179	289	242
464	412	406
412	347	406
347	242	289
289	349	347
347	349	406
406	421	464
349	289	276
396	421	406
289	179	276
149	164	95
334	407	301
396	406	349
334	236	242
471	429	407
355	407	334
151	90	99
504	471	400
400	412	461
179	175	276
149	220	164
95	90	149
220	236	334
149	236	220
399	301	407
220	301	164
151	236	149
429	399	407
99	154	151
334	301	220
242	355	334
242	151	154
471	407	400
301	399	354
355	242	347
151	149	90
412	400	355
179	154	137
179	137	175
236	151	242
400	407	355
412	355	347
258	164	301
330	258	301
330	301	354
398	330	354
398	354	399
148	144	164
181	148	164
258	181	164
330	189	181
330	181	258
328	222	257
328	257	202
189	338	202
202	338	328
202	171	189
181	171	148
189	171	181
330	338	189
134	187	155
133	155	158
104	131	133
77	131	104
133	131	155
153	134	80
153	187	134
153	263	187
80	131	77
55	80	77
131	80	134
131	134	155
26	49	55
64	153	80
55	64	80
153	124	166
124	153	64
64	49	124
49	64	55
153	166	263
91	67	44
103	91	44
293	203	184
293	184	278
293	278	342
277	206	208
208	206	105
105	91	208
67	105	62
105	166	124
208	302	277
302	357	277
208	91	203
62	124	49
203	302	208
91	103	203
105	206	166
44	67	32
105	124	62
293	302	203
302	293	353
62	49	26
184	203	103
29	62	26
29	67	62
67	29	32
67	91	105
206	332	166
206	277	332
155	350	337
187	263	155
277	357	332
155	263	350
158	312	269
166	332	263
155	312	158
269	312	404
155	337	312
419	503	403
560	494	568
377	341	390
576	568	569
419	477	512
435	364	427
419	512	503
503	527	508
519	512	477
569	568	547
512	525	503
374	335	364
479	427	386
577	573	576
341	288	374
552	502	500
425	460	479
568	494	524
567	512	519
503	525	527
530	479	523
576	573	568
311	341	377
502	438	500
288	335	374
512	541	525
577	571	573
525	554	527
568	524	547
479	386	425
494	495	447
512	567	541
527	554	537
500	427	530
554	564	537
573	560	568
541	554	525
425	386	460
530	427	479
564	572	537
523	495	560
573	571	560
537	572	556
422	460	386
500	435	427
500	438	435
571	555	560
364	386	427
567	554	541
524	494	511
422	495	460
422	428	495
567	572	554
364	365	386
554	572	564
222	365	364
572	574	556
385	359	322
359	368	342
392	359	403
368	359	392
403	503	392
567	575	572
438	374	435
523	460	495
479	460	523
560	495	494
322	359	342
575	574	572
552	555	571
574	569	556
385	403	359
390	374	438
569	547	556
377	438	502
552	530	555
575	577	574
511	494	475
555	523	560
385	419	403
390	341	374
577	576	574
374	364	435
552	500	530
392	441	368
519	477	385
576	569	574
377	390	438
385	477	419
503	441	392
555	530	523
475	494	483
503	508	441
449	488	480
543	516	482
488	482	497
480	488	497
543	482	488
480	497	489
428	447	495
544	539	559
428	449	447
488	540	543
504	532	471
532	540	488
429	488	449
532	488	471
471	488	429
315	424	324
432	379	326
482	487	453
457	379	432
482	453	489
487	424	453
379	313	326
432	326	324
487	432	424
457	430	379
424	432	324
487	457	432
516	509	482
516	487	509
487	482	509
516	457	487
482	489	497
440	489	453
440	475	489
404	440	424
440	453	424
357	408	332
263	413	350
263	410	413
332	410	263
408	410	332
389	404	312
350	413	389
350	389	337
337	389	312
429	449	399
428	399	449
428	398	399
428	422	398
422	386	398
386	338	398
328	338	365
365	338	386
398	338	330
483	480	489
494	449	480
494	447	449
483	494	480
475	483	489
501	511	454
413	501	454
389	440	404
501	490	511
410	490	501
410	501	413
389	454	440
413	454	389
454	511	475
454	475	440
524	556	547
513	524	490
408	478	490
408	490	410
513	556	524
490	524	511
478	513	490
357	353	395
353	423	395
513	531	556
478	531	513
451	531	478
408	357	395
448	423	508
397	423	353
397	441	508
348	368	397
441	397	368
342	368	348
451	448	531
556	531	537
395	423	451
423	448	451
423	397	508
448	508	531
408	451	478
508	527	537
302	353	357
353	293	348
353	348	397
531	508	537
348	293	342
395	451	408
282	239	209
221	214	215
196	231	210
238	226	229
238	234	226
268	238	247
268	248	238
221	225	214
241	247	231
268	271	248
196	210	198
226	225	221
210	211	198
196	241	231
226	234	225
196	265	241
215	205	201
215	214	205
247	238	229
211	215	201
247	229	231
211	201	198
252	262	195
267	262	252
259	251	195
224	266	194
262	224	194
261	264	232
260	243	218
286	283	281
286	297	283
309	287	297
304	297	286
304	309	297
305	286	281
291	310	290
280	303	291
469	418	450
469	405	418
469	491	499
469	467	491
469	450	467
405	388	393
514	463	446
565	514	499
570	565	529
514	469	499
446	405	469
565	499	529
469	514	446
472	514	496
496	514	551
551	565	566
472	463	514
466	463	472
551	514	565
566	565	570
463	405	446
37	60	65
60	85	65
65	85	111
7	15	13
17	15	7
17	37	15
60	37	17
13	15	19
19	15	22
22	15	30
30	15	37
74	65	86
65	111	86
86	111	106
194	266	197
197	165	194
280	268	265
280	262	268
239	196	209
303	310	291
320	270	264
240	196	239
239	265	240
320	264	261
280	287	308
318	310	303
265	297	287
265	287	280
320	261	266
305	283	284
195	194	165
266	224	262
283	297	265
262	320	266
188	209	196
308	303	280
262	194	195
318	303	308
195	165	196
283	265	284
284	265	239
188	282	209
318	308	304
304	286	305
284	239	282
318	304	305
284	282	306
306	305	284
200	259	195
244	320	199
318	305	306
218	244	199
227	218	165
306	188	318
188	306	282
267	252	251
196	200	195
294	320	262
318	320	307
232	227	165
235	259	200
227	260	218
262	267	251
260	244	243
307	320	294
262	251	259
290	294	262
320	244	260
290	310	294
197	232	165
262	259	268
232	197	266
280	290	262
227	232	264
320	260	270
310	307	294
290	280	291
266	261	232
240	265	196
270	227	264
318	307	310
265	268	241
235	268	259
316	199	320
186	188	176
227	270	260
85	122	111
122	100	111
344	314	216
314	279	216
279	246	216
246	190	216
216	170	162
190	170	216
170	159	162
159	146	162
162	146	121
146	139	121
139	129	121
129	125	121
121	125	100
125	114	100
114	110	100
110	113	100
344	333	314
344	356	333
387	356	344
387	367	356
387	373	367
387	402	373
426	402	387
426	416	402
426	439	416
426	445	439
462	445	426
462	452	445
462	459	452
485	459	462
485	468	459
485	470	468
465	470	485
113	111	100
344	216	292
121	100	141
121	178	162
178	121	141
216	162	178
100	122	141
292	216	178
466	456	463
466	485	456
462	414	442
456	485	442
462	442	485
426	414	462
319	343	299
336	343	319
351	343	336
358	343	351
358	366	343
370	372	366
376	372	370
382	372	376
382	384	372
384	405	372
167	176	128
94	128	176
93	97	82
82	97	94
97	109	94
94	109	128
409	372	405
384	388	405
21	7	13
14	7	21
295	219	340
340	219	245
256	219	295
83	82	52
219	256	150
150	168	132
219	150	81
83	52	7
256	295	329
150	53	81
132	53	150
168	150	256
219	81	245
53	132	33
33	132	14
14	132	7
83	7	132
56	115	81
53	56	81
21	56	33
245	160	275
14	21	33
33	56	53
160	245	115
245	81	115
529	499	498
82	94	52
52	94	60
52	17	7
60	157	85
94	157	60
94	176	157
17	52	60
85	157	122
157	165	122
165	157	196
196	157	188
484	515	437
545	515	484
570	529	515
345	415	340
360	394	329
417	484	394
415	360	340
415	417	360
515	498	437
484	437	394
515	529	498
417	415	526
526	545	484
526	484	417
417	394	360
570	515	545
339	275	323
339	380	275
369	380	339
433	380	391
433	493	380
455	493	433
507	493	455
520	493	507
520	533	493
534	533	520
538	533	534
549	533	538
549	563	533
557	563	549
557	566	563
562	566	557
391	380	369
323	275	298
298	275	272
160	115	142
142	115	116
116	115	92
92	115	61
115	56	61
61	56	54
54	56	45
56	21	45
45	21	36
36	21	27
27	13	20
21	13	27
272	275	204
204	275	160
20	13	19
442	414	409
414	371	361
292	361	371
361	299	343
414	361	409
442	409	456
409	361	343
409	343	366
372	409	366
292	178	253
253	207	249
207	165	199
292	253	361
178	141	253
361	253	299
207	122	165
299	253	249
141	122	207
253	141	207
273	256	296
230	256	273
191	256	230
168	256	191
436	437	444
458	444	437
132	168	152
458	437	498
143	132	152
420	437	436
135	132	143
476	458	498
132	135	123
401	437	420
401	394	437
492	476	498
83	123	107
83	132	123
83	107	102
83	102	93
375	394	401
82	83	93
491	492	498
491	498	499
375	329	394
363	329	375
346	329	363
321	329	346
321	256	329
296	256	321
285	299	274
274	249	255
299	249	274
213	207	199
299	285	319
255	249	250
250	249	233
249	207	233
233	207	213
245	345	340
340	360	295
360	329	295
199	165	218
176	188	157
493	526	415
533	545	526
275	345	245
380	345	275
533	563	545
566	570	563
563	570	545
533	526	493
380	415	345
380	493	415
387	414	426
414	387	371
292	371	344
344	371	387
466	465	485
308	309	304
405	456	409
405	463	456
167	177	176
177	186	176
558	566	562
553	566	558
546	551	553
553	551	566
536	551	546
536	517	551
517	506	551
506	496	551
481	472	496
474	472	481
251	252	195
228	212	210
231	228	210