7
wrist3
V
-0.001911 -0.043517 -0.031982
-0.002079 -0.043411 -0.033385
0.001931 -0.043449 -0.032999
0.001931 -0.043449 -0.032999
0.002184 -0.043443 -0.030559
-0.001911 -0.043517 -0.031982
-0.001911 -0.043517 -0.031982
0.002184 -0.043443 -0.030559
-0.000010 -0.043431 -0.028961
0.002916 -0.040867 -0.027583
0.000933 -0.040852 -0.026745
0.001183 -0.041914 -0.027106
0.001509 -0.043036 -0.028284
-0.000010 -0.043431 -0.028961
0.002184 -0.043443 -0.030559
0.004499 -0.041242 -0.029644
0.003250 -0.042143 -0.028454
0.003442 -0.043002 -0.030371
0.004855 -0.041290 -0.031612
0.004499 -0.041242 -0.029644
0.003442 -0.043002 -0.030371
0.004855 -0.041290 -0.031612
0.003442 -0.043002 -0.030371
0.003694 -0.042941 -0.032162
0.004530 -0.041310 -0.033282
0.004855 -0.041290 -0.031612
0.003694 -0.042941 -0.032162
0.003384 -0.041315 -0.035065
0.004530 -0.041310 -0.033282
0.002900 -0.042633 -0.034429
0.002900 -0.042633 -0.034429
0.003694 -0.042941 -0.032162
0.001900 -0.043166 -0.034282
0.001900 -0.043166 -0.034282
0.003694 -0.042941 -0.032162
0.001931 -0.043449 -0.032999
0.000225 -0.042563 -0.035717
0.002900 -0.042633 -0.034429
0.001900 -0.043166 -0.034282
-0.002269 -0.042188 -0.035369
-0.001377 -0.041152 -0.036253
0.000225 -0.042563 -0.035717
-0.002269 -0.042188 -0.035369
0.000225 -0.042563 -0.035717
-0.000782 -0.043342 -0.034462
-0.003403 -0.041347 -0.035013
-0.002269 -0.042188 -0.035369
-0.003325 -0.042696 -0.033745
-0.003325 -0.042696 -0.033745
-0.002269 -0.042188 -0.035369
-0.000782 -0.043342 -0.034462
-0.003325 -0.042696 -0.033745
-0.000782 -0.043342 -0.034462
-0.002079 -0.043411 -0.033385
-0.004382 -0.041347 -0.033640
-0.003403 -0.041347 -0.035013
-0.003325 -0.042696 -0.033745
-0.004866 -0.041272 -0.031867
-0.004382 -0.041347 -0.033640
-0.003697 -0.042970 -0.031720
-0.004508 -0.041553 -0.029824
-0.004866 -0.041272 -0.031867
-0.003697 -0.042970 -0.031720
-0.004508 -0.041553 -0.029824
-0.003697 -0.042970 -0.031720
-0.003333 -0.042906 -0.029939
-0.003697 -0.042970 -0.031720
-0.001911 -0.043517 -0.031982
-0.002031 -0.043340 -0.029440
-0.003697 -0.040852 -0.028341
-0.004508 -0.041553 -0.029824
-0.003709 -0.041907 -0.028824
-0.003709 -0.041907 -0.028824
-0.004508 -0.041553 -0.029824
-0.003333 -0.042906 -0.029939
-0.002359 -0.041310 -0.027316
-0.003697 -0.040852 -0.028341
-0.003709 -0.041907 -0.028824
-0.002359 -0.041310 -0.027316
-0.003709 -0.041907 -0.028824
-0.001439 -0.042766 -0.027862
-0.000767 -0.041310 -0.026765
-0.002359 -0.041310 -0.027316
-0.001439 -0.042766 -0.027862
-0.001439 -0.042766 -0.027862
-0.002031 -0.043340 -0.029440
-0.000010 -0.043431 -0.028961
0.000933 -0.040852 -0.026745
-0.000767 -0.041310 -0.026765
0.001183 -0.041914 -0.027106
0.001183 -0.041914 -0.027106
-0.000767 -0.041310 -0.026765
-0.001439 -0.042766 -0.027862
0.001183 -0.041914 -0.027106
-0.001439 -0.042766 -0.027862
0.001509 -0.043036 -0.028284
0.001509 -0.043036 -0.028284
-0.001439 -0.042766 -0.027862
-0.000010 -0.043431 -0.028961
0.001509 -0.043036 -0.028284
0.003250 -0.042143 -0.028454
0.001183 -0.041914 -0.027106
0.001183 -0.041914 -0.027106
0.003250 -0.042143 -0.028454
0.002916 -0.040867 -0.027583
0.002184 -0.043443 -0.030559
0.003442 -0.043002 -0.030371
0.001509 -0.043036 -0.028284
0.001509 -0.043036 -0.028284
0.003442 -0.043002 -0.030371
0.003250 -0.042143 -0.028454
0.003250 -0.042143 -0.028454
0.004499 -0.041242 -0.029644
0.002916 -0.040867 -0.027583
0.002184 -0.043443 -0.030559
0.001931 -0.043449 -0.032999
0.003694 -0.042941 -0.032162
0.002184 -0.043443 -0.030559
0.003694 -0.042941 -0.032162
0.003442 -0.043002 -0.030371
0.003694 -0.042941 -0.032162
0.002900 -0.042633 -0.034429
0.004530 -0.041310 -0.033282
0.001931 -0.043449 -0.032999
-0.000782 -0.043342 -0.034462
0.001900 -0.043166 -0.034282
0.002900 -0.042633 -0.034429
0.000225 -0.042563 -0.035717
0.001587 -0.041310 -0.036134
0.002900 -0.042633 -0.034429
0.001587 -0.041310 -0.036134
0.003384 -0.041315 -0.035065
0.001900 -0.043166 -0.034282
-0.000782 -0.043342 -0.034462
0.000225 -0.042563 -0.035717
0.000225 -0.042563 -0.035717
0.000122 -0.041385 -0.036370
0.001587 -0.041310 -0.036134
-0.000782 -0.043342 -0.034462
0.000225 -0.042563 -0.035717
-0.001377 -0.041152 -0.036253
0.000122 -0.041385 -0.036370
-0.002269 -0.042188 -0.035369
-0.003403 -0.041347 -0.035013
-0.001377 -0.041152 -0.036253
-0.001911 -0.043517 -0.031982
-0.003697 -0.042970 -0.031720
-0.002079 -0.043411 -0.033385
-0.002079 -0.043411 -0.033385
-0.003697 -0.042970 -0.031720
-0.003325 -0.042696 -0.033745
-0.003325 -0.042696 -0.033745
-0.003697 -0.042970 -0.031720
-0.004382 -0.041347 -0.033640
-0.003697 -0.042970 -0.031720
-0.002031 -0.043340 -0.029440
-0.003333 -0.042906 -0.029939
-0.003333 -0.042906 -0.029939
-0.002031 -0.043340 -0.029440
-0.001439 -0.042766 -0.027862
-0.003333 -0.042906 -0.029939
-0.001439 -0.042766 -0.027862
-0.003709 -0.041907 -0.028824
-0.001911 -0.043517 -0.031982
-0.000010 -0.043431 -0.028961
-0.002031 -0.043340 -0.029440
0.004066 -0.039436 -0.028648
0.004499 -0.041242 -0.029644
0.004981 -0.039436 -0.031940
0.004981 -0.039436 -0.031940
0.004499 -0.041242 -0.029644
0.004855 -0.041290 -0.031612
0.004066 -0.039436 -0.028648
0.002916 -0.040867 -0.027583
0.004499 -0.041242 -0.029644
0.001653 -0.039436 -0.026883
0.002916 -0.040867 -0.027583
0.004066 -0.039436 -0.028648
0.001653 -0.039436 -0.026883
0.000933 -0.040852 -0.026745
0.002916 -0.040867 -0.027583
-0.000903 -0.039436 -0.026682
0.000933 -0.040852 -0.026745
0.001653 -0.039436 -0.026883
-0.000903 -0.039436 -0.026682
-0.000767 -0.041310 -0.026765
0.000933 -0.040852 -0.026745
-0.003217 -0.039436 -0.027786
-0.002359 -0.041310 -0.027316
-0.000903 -0.039436 -0.026682
-0.000903 -0.039436 -0.026682
-0.002359 -0.041310 -0.027316
-0.000767 -0.041310 -0.026765
-0.003217 -0.039436 -0.027786
-0.003697 -0.040852 -0.028341
-0.002359 -0.041310 -0.027316
-0.004838 -0.039436 -0.030305
-0.003697 -0.040852 -0.028341
-0.003217 -0.039436 -0.027786
-0.004838 -0.039436 -0.030305
-0.004508 -0.041553 -0.029824
-0.003697 -0.040852 -0.028341
-0.004838 -0.039436 -0.030305
-0.004866 -0.041272 -0.031867
-0.004508 -0.041553 -0.029824
-0.004745 -0.039436 -0.032861
-0.004866 -0.041272 -0.031867
-0.004838 -0.039436 -0.030305
-0.003766 -0.039436 -0.034770
-0.004382 -0.041347 -0.033640
-0.004745 -0.039436 -0.032861
-0.004745 -0.039436 -0.032861
-0.004382 -0.041347 -0.033640
-0.004866 -0.041272 -0.031867
-0.003766 -0.039436 -0.034770
-0.003403 -0.041347 -0.035013
-0.004382 -0.041347 -0.033640
-0.001248 -0.039436 -0.036391
-0.003403 -0.041347 -0.035013
-0.003766 -0.039436 -0.034770
-0.001248 -0.039436 -0.036391
-0.001377 -0.041152 -0.036253
-0.003403 -0.041347 -0.035013
0.001735 -0.039436 -0.036192
0.000122 -0.041385 -0.036370
-0.001248 -0.039436 -0.036391
-0.001248 -0.039436 -0.036391
0.000122 -0.041385 -0.036370
-0.001377 -0.041152 -0.036253
0.001735 -0.039436 -0.036192
0.001587 -0.041310 -0.036134
0.000122 -0.041385 -0.036370
0.003822 -0.039436 -0.034703
0.003384 -0.041315 -0.035065
0.001735 -0.039436 -0.036192
0.001735 -0.039436 -0.036192
0.003384 -0.041315 -0.035065
0.001587 -0.041310 -0.036134
0.004981 -0.039436 -0.031940
0.004530 -0.041310 -0.033282
0.003822 -0.039436 -0.034703
0.003822 -0.039436 -0.034703
0.004530 -0.041310 -0.033282
0.003384 -0.041315 -0.035065
0.004981 -0.039436 -0.031940
0.004855 -0.041290 -0.031612
0.004530 -0.041310 -0.033282
-0.000000 -0.024436 -0.008005
0.003028 -0.025040 -0.006206
0.002539 -0.022737 -0.006205
0.002539 -0.022737 -0.006205
0.000853 -0.021502 -0.006205
-0.000000 -0.024436 -0.008005
0.000853 -0.021502 -0.006205
-0.000983 -0.021571 -0.006204
-0.000000 -0.024436 -0.008005
-0.000983 -0.021571 -0.006204
-0.002465 -0.022631 -0.006205
-0.000000 -0.024436 -0.008005
-0.000000 -0.024436 -0.008005
-0.002465 -0.022631 -0.006205
-0.003053 -0.024903 -0.006206
-0.003053 -0.024903 -0.006206
-0.001805 -0.026900 -0.006205
-0.000000 -0.024436 -0.008005
-0.000000 -0.024436 -0.008005
-0.001805 -0.026900 -0.006205
0.000202 -0.027484 -0.006205
0.000202 -0.027484 -0.006205
0.001903 -0.026792 -0.006204
-0.000000 -0.024436 -0.008005
0.001903 -0.026792 -0.006204
0.003028 -0.025040 -0.006206
-0.000000 -0.024436 -0.008005
-0.018219 -0.021920 -0.009103
-0.015121 -0.012945 -0.009103
-0.018406 -0.012374 -0.009103
-0.012975 -0.015979 -0.009103
-0.013093 -0.018419 -0.009103
-0.014634 -0.020942 -0.009103
-0.022316 -0.018664 -0.009103
-0.020472 -0.020974 -0.009103
-0.022147 -0.015375 -0.009103
-0.020679 -0.013373 -0.009103
0.017136 -0.021920 -0.009103
0.020234 -0.012945 -0.009103
0.016949 -0.012374 -0.009103
0.022380 -0.015979 -0.009103
0.022261 -0.018419 -0.009103
0.020721 -0.020942 -0.009103
0.013055 -0.018275 -0.009103
0.014173 -0.020448 -0.009103
0.013038 -0.015745 -0.009103
0.014676 -0.013373 -0.009103
-0.014805 0.022133 -0.009103
-0.018399 0.023078 -0.009103
-0.018219 0.013435 -0.009103
-0.012975 0.019376 -0.009103
-0.013093 0.016936 -0.009103
-0.014634 0.014413 -0.009103
-0.022300 0.017079 -0.009103
-0.021182 0.014907 -0.009103
-0.022317 0.019609 -0.009103
-0.020995 0.021664 -0.009103
0.020550 0.022133 -0.009103
0.016956 0.023078 -0.009103
0.017136 0.013435 -0.009103
0.022380 0.019376 -0.009103
0.022261 0.016936 -0.009103
0.020721 0.014413 -0.009103
0.013055 0.017079 -0.009103
0.014173 0.014907 -0.009103
0.013038 0.019609 -0.009103
0.014360 0.021664 -0.009103
0.001294 -0.015185 -0.006203
0.013829 -0.007080 -0.006203
-0.003847 -0.014763 -0.006203
-0.008579 -0.012706 -0.006203
-0.014891 -0.004719 -0.006203
-0.012396 -0.009235 -0.006203
-0.015798 0.000363 -0.006203
-0.012633 0.010048 -0.006203
-0.015018 0.005467 -0.006203
-0.008895 0.013616 -0.006203
0.001394 0.016329 -0.006203
-0.004204 0.015787 -0.006203
0.006640 0.014894 -0.006203
0.014014 0.007855 -0.006203
0.010911 0.011986 -0.006203
0.015618 0.002947 -0.006203
0.015553 -0.002215 -0.006203
0.006296 -0.013929 -0.006203
0.010629 -0.011128 -0.006203
0.004827 -0.036436 -0.030262
0.004981 -0.039436 -0.031940
0.004753 -0.036436 -0.032836
0.004753 -0.036436 -0.032836
0.004981 -0.039436 -0.031940
0.003822 -0.039436 -0.034703
0.004753 -0.036436 -0.032836
0.003822 -0.039436 -0.034703
0.003792 -0.036436 -0.034741
0.003792 -0.036436 -0.034741
0.003822 -0.039436 -0.034703
0.001735 -0.039436 -0.036192
0.003792 -0.036436 -0.034741
0.001735 -0.039436 -0.036192
0.001290 -0.036436 -0.036380
0.001290 -0.036436 -0.036380
0.001735 -0.039436 -0.036192
-0.001248 -0.039436 -0.036391
0.001290 -0.036436 -0.036380
-0.001248 -0.039436 -0.036391
-0.001699 -0.036436 -0.036206
-0.001699 -0.036436 -0.036206
-0.001248 -0.039436 -0.036391
-0.003766 -0.039436 -0.034770
-0.001699 -0.036436 -0.036206
-0.003766 -0.039436 -0.034770
-0.003799 -0.036436 -0.034733
-0.003799 -0.036436 -0.034733
-0.003766 -0.039436 -0.034770
-0.004745 -0.039436 -0.032861
-0.003799 -0.036436 -0.034733
-0.004745 -0.039436 -0.032861
-0.004758 -0.036436 -0.032818
-0.004758 -0.036436 -0.032818
-0.004745 -0.039436 -0.032861
-0.004838 -0.039436 -0.030305
-0.004758 -0.036436 -0.032818
-0.004838 -0.039436 -0.030305
-0.004878 -0.036436 -0.030687
-0.004878 -0.036436 -0.030687
-0.004838 -0.039436 -0.030305
-0.004028 -0.036436 -0.028721
-0.004028 -0.036436 -0.028721
-0.004838 -0.039436 -0.030305
-0.003217 -0.039436 -0.027786
-0.004028 -0.036436 -0.028721
-0.003217 -0.039436 -0.027786
-0.002109 -0.036436 -0.027022
-0.002109 -0.036436 -0.027022
-0.003217 -0.039436 -0.027786
-0.000903 -0.039436 -0.026682
-0.002109 -0.036436 -0.027022
-0.000903 -0.039436 -0.026682
0.001296 -0.036436 -0.026727
0.001296 -0.036436 -0.026727
-0.000903 -0.039436 -0.026682
0.001653 -0.039436 -0.026883
0.001296 -0.036436 -0.026727
0.001653 -0.039436 -0.026883
0.004066 -0.039436 -0.028648
0.001296 -0.036436 -0.026727
0.004066 -0.039436 -0.028648
0.003488 -0.036436 -0.028078
0.003488 -0.036436 -0.028078
0.004066 -0.039436 -0.028648
0.004827 -0.036436 -0.030262
0.004827 -0.036436 -0.030262
0.004066 -0.039436 -0.028648
0.004981 -0.039436 -0.031940
0.000853 -0.021502 -0.006205
0.000796 -0.021407 -0.000104
-0.000983 -0.021571 -0.006204
-0.000983 -0.021571 -0.006204
0.000796 -0.021407 -0.000104
-0.001057 -0.021519 -0.000110
-0.000983 -0.021571 -0.006204
-0.001057 -0.021519 -0.000110
-0.002465 -0.022631 -0.006205
-0.002465 -0.022631 -0.006205
-0.001057 -0.021519 -0.000110
-0.002679 -0.022782 -0.000106
-0.002465 -0.022631 -0.006205
-0.002679 -0.022782 -0.000106
-0.003053 -0.024903 -0.006206
-0.003053 -0.024903 -0.006206
-0.002679 -0.022782 -0.000106
-0.003098 -0.025057 -0.000100
-0.003053 -0.024903 -0.006206
-0.003098 -0.025057 -0.000100
-0.001805 -0.026900 -0.006205
-0.002006 -0.026814 -0.000093
-0.001805 -0.026900 -0.006205
-0.002006 -0.026814 -0.000093
-0.000258 -0.027557 -0.000104
-0.001805 -0.026900 -0.006205
-0.000258 -0.027557 -0.000104
0.000202 -0.027484 -0.006205
0.000202 -0.027484 -0.006205
-0.000258 -0.027557 -0.000104
0.001534 -0.027146 -0.000089
0.000202 -0.027484 -0.006205
0.001534 -0.027146 -0.000089
0.001903 -0.026792 -0.006204
0.001903 -0.026792 -0.006204
0.001534 -0.027146 -0.000089
0.002726 -0.026021 -0.000091
0.001903 -0.026792 -0.006204
0.002726 -0.026021 -0.000091
0.003028 -0.025040 -0.006206
0.003028 -0.025040 -0.006206
0.002726 -0.026021 -0.000091
0.003108 -0.024137 -0.000118
0.003028 -0.025040 -0.006206
0.003108 -0.024137 -0.000118
0.002539 -0.022737 -0.006205
0.002539 -0.022737 -0.006205
0.003108 -0.024137 -0.000118
0.002379 -0.022445 -0.000110
0.002539 -0.022737 -0.006205
0.002379 -0.022445 -0.000110
0.000853 -0.021502 -0.006205
0.000853 -0.021502 -0.006205
0.002379 -0.022445 -0.000110
0.000796 -0.021407 -0.000104
-0.018406 -0.012374 -0.009103
-0.018574 -0.012402 -0.000516
-0.020679 -0.013373 -0.009103
-0.020679 -0.013373 -0.009103
-0.018574 -0.012402 -0.000516
-0.020788 -0.013463 -0.000507
-0.020679 -0.013373 -0.009103
-0.020788 -0.013463 -0.000507
-0.022147 -0.015375 -0.009103
-0.022147 -0.015375 -0.009103
-0.020788 -0.013463 -0.000507
-0.022197 -0.015507 -0.000507
-0.022147 -0.015375 -0.009103
-0.022197 -0.015507 -0.000507
-0.022316 -0.018664 -0.009103
-0.022316 -0.018664 -0.009103
-0.022197 -0.015507 -0.000507
-0.022396 -0.017974 -0.000501
-0.022316 -0.018664 -0.009103
-0.022396 -0.017974 -0.000501
-0.020786 -0.020886 -0.000513
-0.022316 -0.018664 -0.009103
-0.020786 -0.020886 -0.000513
-0.020472 -0.020974 -0.009103
-0.020472 -0.020974 -0.009103
-0.020786 -0.020886 -0.000513
-0.018219 -0.021920 -0.009103
-0.018219 -0.021920 -0.009103
-0.020786 -0.020886 -0.000513
-0.017215 -0.021928 -0.000509
-0.018219 -0.021920 -0.009103
-0.017215 -0.021928 -0.000509
-0.014634 -0.020942 -0.009103
-0.014634 -0.020942 -0.009103
-0.017215 -0.021928 -0.000509
-0.014228 -0.020504 -0.000509
-0.014634 -0.020942 -0.009103
-0.014228 -0.020504 -0.000509
-0.013093 -0.018419 -0.009103
-0.013093 -0.018419 -0.009103
-0.014228 -0.020504 -0.000509
-0.012948 -0.017908 -0.000502
-0.013093 -0.018419 -0.009103
-0.012948 -0.017908 -0.000502
-0.012975 -0.015979 -0.009103
-0.012975 -0.015979 -0.009103
-0.012948 -0.017908 -0.000502
-0.013183 -0.015440 -0.000506
-0.012975 -0.015979 -0.009103
-0.013183 -0.015440 -0.000506
-0.015121 -0.012945 -0.009103
-0.015121 -0.012945 -0.009103
-0.013183 -0.015440 -0.000506
-0.015272 -0.012858 -0.000514
-0.015121 -0.012945 -0.009103
-0.015272 -0.012858 -0.000514
-0.018406 -0.012374 -0.009103
-0.018406 -0.012374 -0.009103
-0.015272 -0.012858 -0.000514
-0.018574 -0.012402 -0.000516
0.016949 -0.012374 -0.009103
0.016809 -0.012397 -0.000507
0.014676 -0.013373 -0.009103
0.014676 -0.013373 -0.009103
0.016809 -0.012397 -0.000507
0.014567 -0.013463 -0.000507
0.014676 -0.013373 -0.009103
0.014567 -0.013463 -0.000507
0.013038 -0.015745 -0.009103
0.013038 -0.015745 -0.009103
0.014567 -0.013463 -0.000507
0.012995 -0.015902 -0.000509
0.013038 -0.015745 -0.009103
0.012995 -0.015902 -0.000509
0.013055 -0.018275 -0.009103
0.013055 -0.018275 -0.009103
0.012995 -0.015902 -0.000509
0.013466 -0.019596 -0.000514
0.013055 -0.018275 -0.009103
0.013466 -0.019596 -0.000514
0.014173 -0.020448 -0.009103
0.014173 -0.020448 -0.009103
0.013466 -0.019596 -0.000514
0.016466 -0.021796 -0.000509
0.014173 -0.020448 -0.009103
0.016466 -0.021796 -0.000509
0.017136 -0.021920 -0.009103
0.017136 -0.021920 -0.009103
0.016466 -0.021796 -0.000509
0.018954 -0.021706 -0.000510
0.017136 -0.021920 -0.009103
0.018954 -0.021706 -0.000510
0.020721 -0.020942 -0.009103
0.020721 -0.020942 -0.009103
0.018954 -0.021706 -0.000510
0.021126 -0.020504 -0.000509
0.020721 -0.020942 -0.009103
0.021126 -0.020504 -0.000509
0.022261 -0.018419 -0.009103
0.022261 -0.018419 -0.009103
0.021126 -0.020504 -0.000509
0.022407 -0.017908 -0.000502
0.022261 -0.018419 -0.009103
0.022407 -0.017908 -0.000502
0.022380 -0.015979 -0.009103
0.022380 -0.015979 -0.009103
0.022407 -0.017908 -0.000502
0.021888 -0.014631 -0.000514
0.022380 -0.015979 -0.009103
0.021888 -0.014631 -0.000514
0.020234 -0.012945 -0.009103
0.020234 -0.012945 -0.009103
0.021888 -0.014631 -0.000514
0.019281 -0.012593 -0.000502
0.020234 -0.012945 -0.009103
0.019281 -0.012593 -0.000502
0.016949 -0.012374 -0.009103
0.016949 -0.012374 -0.009103
0.019281 -0.012593 -0.000502
0.016809 -0.012397 -0.000507
-0.018399 0.023078 -0.009103
-0.017713 0.023037 -0.000507
-0.020881 0.021932 -0.000532
-0.018399 0.023078 -0.009103
-0.020881 0.021932 -0.000532
-0.020995 0.021664 -0.009103
-0.020995 0.021664 -0.009103
-0.020881 0.021932 -0.000532
-0.022317 0.019609 -0.009103
-0.022317 0.019609 -0.009103
-0.020881 0.021932 -0.000532
-0.022499 0.018622 -0.000509
-0.022317 0.019609 -0.009103
-0.022499 0.018622 -0.000509
-0.022300 0.017079 -0.009103
-0.022300 0.017079 -0.009103
-0.022499 0.018622 -0.000509
-0.021368 0.015038 -0.000532
-0.022300 0.017079 -0.009103
-0.021368 0.015038 -0.000532
-0.021182 0.014907 -0.009103
-0.021182 0.014907 -0.009103
-0.021368 0.015038 -0.000532
-0.018219 0.013435 -0.009103
-0.018219 0.013435 -0.009103
-0.021368 0.015038 -0.000532
-0.018058 0.013420 -0.000509
-0.018219 0.013435 -0.009103
-0.018058 0.013420 -0.000509
-0.014634 0.014413 -0.009103
-0.014634 0.014413 -0.009103
-0.018058 0.013420 -0.000509
-0.014501 0.014526 -0.000514
-0.014634 0.014413 -0.009103
-0.014501 0.014526 -0.000514
-0.013093 0.016936 -0.009103
-0.013093 0.016936 -0.009103
-0.014501 0.014526 -0.000514
-0.012856 0.017861 -0.000509
-0.013093 0.016936 -0.009103
-0.012856 0.017861 -0.000509
-0.012975 0.019376 -0.009103
-0.012975 0.019376 -0.009103
-0.012856 0.017861 -0.000509
-0.013544 0.020673 -0.000502
-0.012975 0.019376 -0.009103
-0.013544 0.020673 -0.000502
-0.014805 0.022133 -0.009103
-0.014805 0.022133 -0.009103
-0.013544 0.020673 -0.000502
-0.015310 0.022413 -0.000507
-0.014805 0.022133 -0.009103
-0.015310 0.022413 -0.000507
-0.018399 0.023078 -0.009103
-0.017713 0.023037 -0.000507
0.016956 0.023078 -0.009103
0.018058 0.023063 -0.000509
0.014869 0.022179 -0.000509
0.016956 0.023078 -0.009103
0.014869 0.022179 -0.000509
0.014360 0.021664 -0.009103
0.014360 0.021664 -0.009103
0.014869 0.022179 -0.000509
0.013038 0.019609 -0.009103
0.013038 0.019609 -0.009103
0.014869 0.022179 -0.000509
0.013157 0.019845 -0.000502
0.013038 0.019609 -0.009103
0.013157 0.019845 -0.000502
0.013099 0.016528 -0.000514
0.013038 0.019609 -0.009103
0.013099 0.016528 -0.000514
0.013055 0.017079 -0.009103
0.013055 0.017079 -0.009103
0.013099 0.016528 -0.000514
0.014173 0.014907 -0.009103
0.014173 0.014907 -0.009103
0.013099 0.016528 -0.000514
0.015310 0.014070 -0.000507
0.014173 0.014907 -0.009103
0.015310 0.014070 -0.000507
0.017136 0.013435 -0.009103
0.017136 0.013435 -0.009103
0.015310 0.014070 -0.000507
0.018174 0.013431 -0.000523
0.017136 0.013435 -0.009103
0.018174 0.013431 -0.000523
0.020721 0.014413 -0.009103
0.020721 0.014413 -0.009103
0.018174 0.013431 -0.000523
0.021126 0.014850 -0.000509
0.020721 0.014413 -0.009103
0.021126 0.014850 -0.000509
0.022261 0.016936 -0.009103
0.022261 0.016936 -0.009103
0.021126 0.014850 -0.000509
0.022499 0.017861 -0.000509
0.022261 0.016936 -0.009103
0.022499 0.017861 -0.000509
0.022380 0.019376 -0.009103
0.022380 0.019376 -0.009103
0.022499 0.017861 -0.000509
0.021811 0.020673 -0.000502
0.022380 0.019376 -0.009103
0.021811 0.020673 -0.000502
0.020550 0.022133 -0.009103
0.020550 0.022133 -0.009103
0.021811 0.020673 -0.000502
0.020376 0.022171 -0.000510
0.020550 0.022133 -0.009103
0.020376 0.022171 -0.000510
0.018058 0.023063 -0.000509
0.020550 0.022133 -0.009103
0.018058 0.023063 -0.000509
0.016956 0.023078 -0.009103
0.001169 -0.015237 -0.001002
0.001294 -0.015185 -0.006203
-0.003847 -0.014763 -0.006203
-0.003847 -0.014763 -0.006203
-0.004783 -0.014490 -0.001007
0.001169 -0.015237 -0.001002
-0.008579 -0.012706 -0.006203
-0.004783 -0.014490 -0.001007
-0.003847 -0.014763 -0.006203
-0.008579 -0.012706 -0.006203
-0.008418 -0.012748 -0.001003
-0.004783 -0.014490 -0.001007
-0.012396 -0.009235 -0.006203
-0.011245 -0.010530 -0.001006
-0.008579 -0.012706 -0.006203
-0.008579 -0.012706 -0.006203
-0.011245 -0.010530 -0.001006
-0.008418 -0.012748 -0.001003
-0.014891 -0.004719 -0.006203
-0.014147 -0.006463 -0.000989
-0.012396 -0.009235 -0.006203
-0.012396 -0.009235 -0.006203
-0.014147 -0.006463 -0.000989
-0.011245 -0.010530 -0.001006
-0.015798 0.000363 -0.006203
-0.015655 -0.001551 -0.001012
-0.014891 -0.004719 -0.006203
-0.014891 -0.004719 -0.006203
-0.015655 -0.001551 -0.001012
-0.014147 -0.006463 -0.000989
-0.015018 0.005467 -0.006203
-0.015531 0.003447 -0.000996
-0.015798 0.000363 -0.006203
-0.015798 0.000363 -0.006203
-0.015531 0.003447 -0.000996
-0.015655 -0.001551 -0.001012
-0.012633 0.010048 -0.006203
-0.013813 0.008230 -0.000996
-0.015018 0.005467 -0.006203
-0.015018 0.005467 -0.006203
-0.013813 0.008230 -0.000996
-0.015531 0.003447 -0.000996
-0.008895 0.013616 -0.006203
-0.010608 0.012271 -0.001011
-0.012633 0.010048 -0.006203
-0.012633 0.010048 -0.006203
-0.010608 0.012271 -0.001011
-0.013813 0.008230 -0.000996
-0.004204 0.015787 -0.006203
-0.006413 0.015002 -0.000996
-0.008895 0.013616 -0.006203
-0.008895 0.013616 -0.006203
-0.006413 0.015002 -0.000996
-0.010608 0.012271 -0.001011
0.001394 0.016329 -0.006203
-0.002526 0.016110 -0.001003
-0.004204 0.015787 -0.006203
-0.004204 0.015787 -0.006203
-0.002526 0.016110 -0.001003
-0.006413 0.015002 -0.000996
0.001394 0.016329 -0.006203
0.001610 0.016285 -0.001010
-0.002526 0.016110 -0.001003
0.006640 0.014894 -0.006203
0.004988 0.015503 -0.001003
0.001394 0.016329 -0.006203
0.001394 0.016329 -0.006203
0.004988 0.015503 -0.001003
0.001610 0.016285 -0.001010
0.006640 0.014894 -0.006203
0.008659 0.013777 -0.000987
0.004988 0.015503 -0.001003
0.010911 0.011986 -0.006203
0.008659 0.013777 -0.000987
0.006640 0.014894 -0.006203
0.010911 0.011986 -0.006203
0.012399 0.010352 -0.000996
0.008659 0.013777 -0.000987
0.014014 0.007855 -0.006203
0.012399 0.010352 -0.000996
0.010911 0.011986 -0.006203
0.014014 0.007855 -0.006203
0.014865 0.005908 -0.000996
0.012399 0.010352 -0.000996
0.015618 0.002947 -0.006203
0.014865 0.005908 -0.000996
0.014014 0.007855 -0.006203
0.015618 0.002947 -0.006203
0.015756 0.001320 -0.000979
0.014865 0.005908 -0.000996
0.015553 -0.002215 -0.006203
0.015756 0.001320 -0.000979
0.015618 0.002947 -0.006203
0.015553 -0.002215 -0.006203
0.015431 -0.002587 -0.001003
0.015756 0.001320 -0.000979
0.013829 -0.007080 -0.006203
0.014134 -0.006487 -0.000997
0.015553 -0.002215 -0.006203
0.015553 -0.002215 -0.006203
0.014134 -0.006487 -0.000997
0.015431 -0.002587 -0.001003
0.010629 -0.011128 -0.006203
0.011163 -0.010611 -0.000997
0.013829 -0.007080 -0.006203
0.013829 -0.007080 -0.006203
0.011163 -0.010611 -0.000997
0.014134 -0.006487 -0.000997
0.006296 -0.013929 -0.006203
0.007026 -0.013581 -0.000989
0.010629 -0.011128 -0.006203
0.010629 -0.011128 -0.006203
0.007026 -0.013581 -0.000989
0.011163 -0.010611 -0.000997
0.001294 -0.015185 -0.006203
0.001169 -0.015237 -0.001002
0.006296 -0.013929 -0.006203
0.006296 -0.013929 -0.006203
0.001169 -0.015237 -0.001002
0.007026 -0.013581 -0.000989
-0.020786 -0.020886 -0.000513
-0.021211 -0.021294 0.000022
-0.017215 -0.021928 -0.000509
-0.017215 -0.021928 -0.000509
-0.021211 -0.021294 0.000022
-0.017079 -0.022425 -0.000005
-0.017215 -0.021928 -0.000509
-0.017079 -0.022425 -0.000005
-0.014228 -0.020504 -0.000509
-0.014228 -0.020504 -0.000509
-0.017079 -0.022425 -0.000005
-0.013805 -0.020797 -0.000005
-0.014228 -0.020504 -0.000509
-0.013805 -0.020797 -0.000005
-0.012948 -0.017908 -0.000502
-0.022396 -0.017974 -0.000501
-0.022869 -0.018124 -0.000003
-0.020786 -0.020886 -0.000513
-0.020786 -0.020886 -0.000513
-0.022869 -0.018124 -0.000003
-0.021211 -0.021294 0.000022
-0.018574 -0.012402 -0.000516
-0.018807 -0.011924 -0.000003
-0.020788 -0.013463 -0.000507
-0.020788 -0.013463 -0.000507
-0.018807 -0.011924 -0.000003
-0.022243 -0.014099 -0.000009
-0.020788 -0.013463 -0.000507
-0.022243 -0.014099 -0.000009
-0.022197 -0.015507 -0.000507
-0.022197 -0.015507 -0.000507
-0.022243 -0.014099 -0.000009
-0.022396 -0.017974 -0.000501
-0.022396 -0.017974 -0.000501
-0.022243 -0.014099 -0.000009
-0.022869 -0.018124 -0.000003
-0.013805 -0.020797 -0.000005
-0.012222 -0.016535 -0.000006
-0.012948 -0.017908 -0.000502
-0.012948 -0.017908 -0.000502
-0.012222 -0.016535 -0.000006
-0.013183 -0.015440 -0.000506
-0.013183 -0.015440 -0.000506
-0.012222 -0.016535 -0.000006
-0.015272 -0.012858 -0.000514
-0.015272 -0.012858 -0.000514
-0.012222 -0.016535 -0.000006
-0.015101 -0.012365 -0.000006
-0.015272 -0.012858 -0.000514
-0.015101 -0.012365 -0.000006
-0.018574 -0.012402 -0.000516
-0.018574 -0.012402 -0.000516
-0.015101 -0.012365 -0.000006
-0.018807 -0.011924 -0.000003
0.022407 -0.017908 -0.000502
0.022776 -0.018836 -0.000006
0.021888 -0.014631 -0.000514
0.021888 -0.014631 -0.000514
0.022776 -0.018836 -0.000006
0.022617 -0.015192 -0.000004
0.021888 -0.014631 -0.000514
0.022617 -0.015192 -0.000004
0.020259 -0.012391 -0.000006
0.021888 -0.014631 -0.000514
0.020259 -0.012391 -0.000006
0.019281 -0.012593 -0.000502
0.018954 -0.021706 -0.000510
0.020449 -0.021623 -0.000003
0.021126 -0.020504 -0.000509
0.021126 -0.020504 -0.000509
0.020449 -0.021623 -0.000003
0.022776 -0.018836 -0.000006
0.021126 -0.020504 -0.000509
0.022776 -0.018836 -0.000006
0.022407 -0.017908 -0.000502
0.013466 -0.019596 -0.000514
0.013398 -0.020496 -0.000005
0.016466 -0.021796 -0.000509
0.016466 -0.021796 -0.000509
0.013398 -0.020496 -0.000005
0.017345 -0.022448 -0.000005
0.016466 -0.021796 -0.000509
0.017345 -0.022448 -0.000005
0.018954 -0.021706 -0.000510
0.018954 -0.021706 -0.000510
0.017345 -0.022448 -0.000005
0.020449 -0.021623 -0.000003
0.019281 -0.012593 -0.000502
0.020259 -0.012391 -0.000006
0.016809 -0.012397 -0.000507
0.016809 -0.012397 -0.000507
0.020259 -0.012391 -0.000006
0.016166 -0.011987 -0.000004
0.016809 -0.012397 -0.000507
0.016166 -0.011987 -0.000004
0.014567 -0.013463 -0.000507
0.014567 -0.013463 -0.000507
0.016166 -0.011987 -0.000004
0.013224 -0.014158 -0.000005
0.014567 -0.013463 -0.000507
0.013224 -0.014158 -0.000005
0.012995 -0.015902 -0.000509
0.012995 -0.015902 -0.000509
0.013224 -0.014158 -0.000005
0.012389 -0.017113 -0.000003
0.012995 -0.015902 -0.000509
0.012389 -0.017113 -0.000003
0.013466 -0.019596 -0.000514
0.013466 -0.019596 -0.000514
0.012389 -0.017113 -0.000003
0.013398 -0.020496 -0.000005
-0.021368 0.015038 -0.000532
-0.018917 0.012927 -0.000008
-0.018058 0.013420 -0.000509
-0.018058 0.013420 -0.000509
-0.018917 0.012927 -0.000008
-0.014501 0.014526 -0.000514
-0.014501 0.014526 -0.000514
-0.018917 0.012927 -0.000008
-0.014097 0.014197 -0.000006
-0.014501 0.014526 -0.000514
-0.014097 0.014197 -0.000006
-0.012856 0.017861 -0.000509
-0.012856 0.017861 -0.000509
-0.014097 0.014197 -0.000006
-0.012343 0.017909 -0.000005
-0.012856 0.017861 -0.000509
-0.012343 0.017909 -0.000005
-0.013544 0.020673 -0.000502
-0.020881 0.021932 -0.000532
-0.022304 0.020804 -0.000004
-0.022499 0.018622 -0.000509
-0.022499 0.018622 -0.000509
-0.022304 0.020804 -0.000004
-0.022880 0.020621 0.000016
-0.022499 0.018622 -0.000509
-0.022880 0.020621 0.000016
-0.022464 0.015862 -0.000004
-0.022499 0.018622 -0.000509
-0.022464 0.015862 -0.000004
-0.021368 0.015038 -0.000532
-0.021368 0.015038 -0.000532
-0.022464 0.015862 -0.000004
-0.018917 0.012927 -0.000008
-0.020881 0.021932 -0.000532
-0.020878 0.022634 0.000035
-0.022304 0.020804 -0.000004
-0.012343 0.017909 -0.000005
-0.013615 0.021809 -0.000006
-0.013544 0.020673 -0.000502
-0.013544 0.020673 -0.000502
-0.013615 0.021809 -0.000006
-0.015310 0.022413 -0.000507
-0.015310 0.022413 -0.000507
-0.013615 0.021809 -0.000006
-0.017345 0.023576 -0.000005
-0.015310 0.022413 -0.000507
-0.017345 0.023576 -0.000005
-0.017713 0.023037 -0.000507
-0.017713 0.023037 -0.000507
-0.017345 0.023576 -0.000005
-0.020881 0.021932 -0.000532
-0.020881 0.021932 -0.000532
-0.017345 0.023576 -0.000005
-0.020878 0.022634 0.000035
0.021811 0.020673 -0.000502
0.022016 0.021496 0.000029
0.020376 0.022171 -0.000510
0.020376 0.022171 -0.000510
0.022016 0.021496 0.000029
0.019357 0.023357 -0.000006
0.018174 0.013431 -0.000523
0.018404 0.012927 -0.000004
0.021126 0.014850 -0.000509
0.021126 0.014850 -0.000509
0.018404 0.012927 -0.000004
0.021550 0.014557 -0.000004
0.021126 0.014850 -0.000509
0.021550 0.014557 -0.000004
0.022499 0.017861 -0.000509
0.022499 0.017861 -0.000509
0.021550 0.014557 -0.000004
0.023012 0.017909 -0.000004
0.022499 0.017861 -0.000509
0.023012 0.017909 -0.000004
0.021811 0.020673 -0.000502
0.021811 0.020673 -0.000502
0.023012 0.017909 -0.000004
0.022016 0.021496 0.000029
0.013157 0.019845 -0.000502
0.013051 0.020804 -0.000004
0.012385 0.017163 -0.000007
0.013157 0.019845 -0.000502
0.012385 0.017163 -0.000007
0.013099 0.016528 -0.000514
0.013099 0.016528 -0.000514
0.012385 0.017163 -0.000007
0.014722 0.013788 -0.000004
0.013099 0.016528 -0.000514
0.014722 0.013788 -0.000004
0.015310 0.014070 -0.000507
0.015310 0.014070 -0.000507
0.014722 0.013788 -0.000004
0.018174 0.013431 -0.000523
0.018174 0.013431 -0.000523
0.014722 0.013788 -0.000004
0.018404 0.012927 -0.000004
0.020376 0.022171 -0.000510
0.019357 0.023357 -0.000006
0.018058 0.023063 -0.000509
0.018058 0.023063 -0.000509
0.019357 0.023357 -0.000006
0.015298 0.023028 -0.000004
0.018058 0.023063 -0.000509
0.015298 0.023028 -0.000004
0.014869 0.022179 -0.000509
0.014869 0.022179 -0.000509
0.015298 0.023028 -0.000004
0.013051 0.020804 -0.000004
0.014869 0.022179 -0.000509
0.013051 0.020804 -0.000004
0.013157 0.019845 -0.000502
0.001610 0.016285 -0.001010
0.004988 0.015503 -0.001003
0.004018 0.016879 -0.000004
0.004018 0.016879 -0.000004
0.004988 0.015503 -0.001003
0.008967 0.014748 -0.000003
0.008967 0.014748 -0.000003
0.004988 0.015503 -0.001003
0.008659 0.013777 -0.000987
0.008967 0.014748 -0.000003
0.008659 0.013777 -0.000987
0.013901 0.010159 -0.000004
0.008659 0.013777 -0.000987
0.012399 0.010352 -0.000996
0.013901 0.010159 -0.000004
0.012399 0.010352 -0.000996
0.014865 0.005908 -0.000996
0.013901 0.010159 -0.000004
0.013901 0.010159 -0.000004
0.014865 0.005908 -0.000996
0.016741 0.002664 -0.000004
0.014865 0.005908 -0.000996
0.015756 0.001320 -0.000979
0.016741 0.002664 -0.000004
0.016741 0.002664 -0.000004
0.015756 0.001320 -0.000979
0.015431 -0.002587 -0.001003
0.016741 0.002664 -0.000004
0.015431 -0.002587 -0.001003
0.016139 -0.004111 -0.000004
0.015431 -0.002587 -0.001003
0.014134 -0.006487 -0.000997
0.016139 -0.004111 -0.000004
0.016139 -0.004111 -0.000004
0.014134 -0.006487 -0.000997
0.013829 -0.008981 -0.000003
0.014134 -0.006487 -0.000997
0.011163 -0.010611 -0.000997
0.013829 -0.008981 -0.000003
0.013829 -0.008981 -0.000003
0.011163 -0.010611 -0.000997
0.009948 -0.012999 -0.000003
0.009948 -0.012999 -0.000003
0.011163 -0.010611 -0.000997
0.007026 -0.013581 -0.000989
0.009948 -0.012999 -0.000003
0.007026 -0.013581 -0.000989
0.005321 -0.015374 -0.000004
0.007026 -0.013581 -0.000989
0.001169 -0.015237 -0.001002
0.005321 -0.015374 -0.000004
0.005321 -0.015374 -0.000004
0.001169 -0.015237 -0.001002
0.000272 -0.016217 -0.000003
0.000272 -0.016217 -0.000003
0.001169 -0.015237 -0.001002
-0.004947 -0.015483 -0.000004
0.001169 -0.015237 -0.001002
-0.004783 -0.014490 -0.001007
-0.004947 -0.015483 -0.000004
-0.004947 -0.015483 -0.000004
-0.004783 -0.014490 -0.001007
-0.009692 -0.013159 -0.000003
-0.009692 -0.013159 -0.000003
-0.004783 -0.014490 -0.001007
-0.008418 -0.012748 -0.001003
-0.008418 -0.012748 -0.001003
-0.011245 -0.010530 -0.001006
-0.009692 -0.013159 -0.000003
-0.009692 -0.013159 -0.000003
-0.011245 -0.010530 -0.001006
-0.013595 -0.009293 -0.000003
-0.011245 -0.010530 -0.001006
-0.014147 -0.006463 -0.000989
-0.013595 -0.009293 -0.000003
-0.013595 -0.009293 -0.000003
-0.014147 -0.006463 -0.000989
-0.016115 -0.004233 -0.000004
-0.016115 -0.004233 -0.000004
-0.014147 -0.006463 -0.000989
-0.015655 -0.001551 -0.001012
-0.016115 -0.004233 -0.000004
-0.015655 -0.001551 -0.001012
-0.016741 0.002664 -0.000004
-0.016741 0.002664 -0.000004
-0.015655 -0.001551 -0.001012
-0.015531 0.003447 -0.000996
-0.016741 0.002664 -0.000004
-0.015531 0.003447 -0.000996
-0.013813 0.008230 -0.000996
-0.016741 0.002664 -0.000004
-0.013813 0.008230 -0.000996
-0.014552 0.008965 -0.000003
-0.014552 0.008965 -0.000003
-0.013813 0.008230 -0.000996
-0.010608 0.012271 -0.001011
-0.014552 0.008965 -0.000003
-0.010608 0.012271 -0.001011
-0.011332 0.012945 -0.000003
-0.011332 0.012945 -0.000003
-0.010608 0.012271 -0.001011
-0.006819 0.015945 -0.000003
-0.006819 0.015945 -0.000003
-0.010608 0.012271 -0.001011
-0.006413 0.015002 -0.000996
-0.006819 0.015945 -0.000003
-0.006413 0.015002 -0.000996
-0.002526 0.016110 -0.001003
-0.006819 0.015945 -0.000003
-0.002526 0.016110 -0.001003
-0.001595 0.017287 -0.000003
-0.001595 0.017287 -0.000003
-0.002526 0.016110 -0.001003
0.001610 0.016285 -0.001010
-0.001595 0.017287 -0.000003
0.001610 0.016285 -0.001010
0.004018 0.016879 -0.000004
0.004886 -0.033432 -0.030725
0.004753 -0.036436 -0.032836
0.004752 -0.033432 -0.032846
0.004752 -0.033432 -0.032846
0.003775 -0.033432 -0.034763
0.003775 -0.033432 -0.034763
0.003792 -0.036436 -0.034741
0.001290 -0.036436 -0.036380
0.003775 -0.033432 -0.034763
0.001290 -0.036436 -0.036380
0.001664 -0.033432 -0.036220
0.001664 -0.033432 -0.036220
0.001290 -0.036436 -0.036380
-0.000449 -0.033432 -0.036457
-0.000449 -0.033432 -0.036457
0.001290 -0.036436 -0.036380
-0.001699 -0.036436 -0.036206
-0.000449 -0.033432 -0.036457
-0.001699 -0.036436 -0.036206
-0.002095 -0.033394 -0.036080
-0.002095 -0.033394 -0.036080
-0.001699 -0.036436 -0.036206
-0.003799 -0.036436 -0.034733
-0.002095 -0.033394 -0.036080
-0.003799 -0.036436 -0.034733
-0.003817 -0.033432 -0.034712
-0.003817 -0.033432 -0.034712
-0.003817 -0.033432 -0.034712
-0.004758 -0.036436 -0.032818
-0.004762 -0.033432 -0.032808
-0.004762 -0.033432 -0.032808
-0.004758 -0.036436 -0.032818
-0.004878 -0.036436 -0.030687
-0.004762 -0.033432 -0.032808
-0.004878 -0.036436 -0.030687
-0.005025 -0.033402 -0.031800
-0.005025 -0.033402 -0.031800
-0.004878 -0.036436 -0.030687
-0.004072 -0.033432 -0.028653
-0.004072 -0.033432 -0.028653
-0.004878 -0.036436 -0.030687
-0.004028 -0.036436 -0.028721
-0.004072 -0.033432 -0.028653
-0.004028 -0.036436 -0.028721
-0.002109 -0.036436 -0.027022
-0.004072 -0.033432 -0.028653
-0.002109 -0.036436 -0.027022
-0.002063 -0.033432 -0.027081
-0.002063 -0.033432 -0.027081
-0.002109 -0.036436 -0.027022
-0.000409 -0.033432 -0.026645
-0.000409 -0.033432 -0.026645
-0.002109 -0.036436 -0.027022
0.001296 -0.036436 -0.026727
-0.000409 -0.033432 -0.026645
0.001296 -0.036436 -0.026727
0.002148 -0.033432 -0.027039
0.002148 -0.033432 -0.027039
0.002148 -0.033432 -0.027039
0.003488 -0.036436 -0.028078
0.004046 -0.033432 -0.028744
0.004046 -0.033432 -0.028744
0.003488 -0.036436 -0.028078
0.004827 -0.036436 -0.030262
0.004046 -0.033432 -0.028744
0.004827 -0.036436 -0.030262
0.004886 -0.033432 -0.030725
0.004886 -0.033432 -0.030725
0.004827 -0.036436 -0.030262
0.004753 -0.036436 -0.032836
0.013398 -0.020496 -0.000005
0.000796 -0.021407 -0.000104
0.002379 -0.022445 -0.000110
-0.012222 -0.016535 -0.000006
-0.001057 -0.021519 -0.000110
0.000796 -0.021407 -0.000104
-0.012222 -0.016535 -0.000006
0.000796 -0.021407 -0.000104
0.013398 -0.020496 -0.000005
-0.012222 -0.016535 -0.000006
-0.002679 -0.022782 -0.000106
-0.001057 -0.021519 -0.000110
0.003108 -0.024137 -0.000118
0.010755 -0.028068 -0.000003
0.013398 -0.020496 -0.000005
0.003108 -0.024137 -0.000118
0.013398 -0.020496 -0.000005
0.002379 -0.022445 -0.000110
0.010755 -0.028068 -0.000003
0.003108 -0.024137 -0.000118
0.002726 -0.026021 -0.000091
-0.015588 -0.025853 -0.000002
-0.003098 -0.025057 -0.000100
-0.002679 -0.022782 -0.000106
-0.012222 -0.016535 -0.000006
0.001534 -0.027146 -0.000089
0.002131 -0.029910 -0.000003
0.002726 -0.026021 -0.000091
0.002131 -0.029910 -0.000003
-0.000258 -0.027557 -0.000104
0.002131 -0.029910 -0.000003
0.001534 -0.027146 -0.000089
-0.005625 -0.029498 -0.000003
-0.003098 -0.025057 -0.000100
-0.015588 -0.025853 -0.000002
-0.000258 -0.027557 -0.000104
-0.005625 -0.029498 -0.000003
0.002131 -0.029910 -0.000003
-0.000258 -0.027557 -0.000104
-0.002006 -0.026814 -0.000093
-0.005625 -0.029498 -0.000003
-0.002006 -0.026814 -0.000093
-0.003098 -0.025057 -0.000100
-0.015101 -0.012365 -0.000006
-0.013595 -0.009293 -0.000003
-0.016115 -0.004233 -0.000004
-0.018807 -0.011924 -0.000003
-0.016741 0.002664 -0.000004
-0.009692 -0.013159 -0.000003
-0.012222 -0.016535 -0.000006
-0.022869 -0.018124 -0.000003
-0.026802 -0.014212 -0.000003
-0.021211 -0.021294 0.000022
-0.022243 -0.014099 -0.000009
-0.030422 -0.003587 -0.000002
-0.022869 -0.018124 -0.000003
-0.026802 -0.014212 -0.000003
-0.013805 -0.020797 -0.000005
-0.015588 -0.025853 -0.000002
-0.012222 -0.016535 -0.000006
-0.017079 -0.022425 -0.000005
-0.021211 -0.021294 0.000022
-0.013805 -0.020797 -0.000005
-0.017079 -0.022425 -0.000005
-0.015588 -0.025853 -0.000002
0.016166 -0.011987 -0.000004
0.020259 -0.012391 -0.000006
0.030495 0.001863 -0.000003
0.012389 -0.017113 -0.000003
0.013224 -0.014158 -0.000005
0.009948 -0.012999 -0.000003
0.013829 -0.008981 -0.000003
0.016741 0.002664 -0.000004
0.016139 -0.004111 -0.000004
0.020449 -0.021623 -0.000003
0.017345 -0.022448 -0.000005
0.018309 -0.023902 -0.000003
0.010755 -0.028068 -0.000003
0.013398 -0.020496 -0.000005
0.023948 -0.018360 -0.000003
0.022776 -0.018836 -0.000006
0.020449 -0.021623 -0.000003
0.023948 -0.018360 -0.000003
0.029300 -0.008794 -0.000001
0.022617 -0.015192 -0.000004
0.022776 -0.018836 -0.000006
-0.020878 0.022634 0.000035
-0.017345 0.023576 -0.000005
-0.014234 0.027593 -0.000003
-0.014234 0.027593 -0.000003
-0.017345 0.023576 -0.000005
-0.013615 0.021809 -0.000006
-0.005774 0.030622 -0.000003
-0.022880 0.020621 0.000016
-0.022304 0.020804 -0.000004
-0.020878 0.022634 0.000035
-0.018917 0.012927 -0.000008
-0.029949 0.006868 -0.000002
-0.022464 0.015862 -0.000004
-0.026906 0.015030 -0.000003
-0.022880 0.020621 0.000016
-0.012343 0.017909 -0.000005
-0.006819 0.015945 -0.000003
-0.011332 0.012945 -0.000003
-0.014097 0.014197 -0.000006
-0.014552 0.008965 -0.000003
0.004856 0.030794 -0.000002
0.013051 0.020804 -0.000004
0.015298 0.023028 -0.000004
0.015946 0.026803 -0.000002
0.019357 0.023357 -0.000006
0.018404 0.012927 -0.000004
0.013901 0.010159 -0.000004
0.014722 0.013788 -0.000004
0.012385 0.017163 -0.000007
0.008967 0.014748 -0.000003
0.022016 0.021496 0.000029
0.023012 0.017909 -0.000004
0.028305 0.012603 -0.000001
0.028305 0.012603 -0.000001
0.023012 0.017909 -0.000004
0.021550 0.014557 -0.000004
0.015946 0.026803 -0.000002
0.019357 0.023357 -0.000006
0.022016 0.021496 0.000029
0.004018 0.016879 -0.000004
-0.001595 0.017287 -0.000003
0.005321 -0.015374 -0.000004
-0.004947 -0.015483 -0.000004
0.000272 -0.016217 -0.000003
0.012897 -0.028231 -0.000983
0.010755 -0.028068 -0.000003
0.007399 -0.030054 -0.001003
0.019222 -0.024458 -0.001015
0.018309 -0.023902 -0.000003
0.012897 -0.028231 -0.000983
0.012897 -0.028231 -0.000983
0.018309 -0.023902 -0.000003
0.010755 -0.028068 -0.000003
0.023241 -0.020698 -0.001003
0.018309 -0.023902 -0.000003
0.019222 -0.024458 -0.001015
0.023241 -0.020698 -0.001003
0.023948 -0.018360 -0.000003
0.018309 -0.023902 -0.000003
0.031486 -0.000369 -0.001003
0.029300 -0.008794 -0.000001
0.030898 -0.005826 -0.000998
0.030898 -0.005826 -0.000998
0.029300 -0.008794 -0.000001
0.027873 -0.014411 -0.001031
0.027873 -0.014411 -0.001031
0.029300 -0.008794 -0.000001
0.023948 -0.018360 -0.000003
0.027873 -0.014411 -0.001031
0.023948 -0.018360 -0.000003
0.023241 -0.020698 -0.001003
0.031486 -0.000369 -0.001003
0.030495 0.001863 -0.000003
0.029300 -0.008794 -0.000001
0.031486 -0.000369 -0.001003
0.030890 0.007417 -0.001031
0.030495 0.001863 -0.000003
0.030495 0.001863 -0.000003
0.030890 0.007417 -0.001031
0.028305 0.012603 -0.000001
0.028305 0.012603 -0.000001
0.030890 0.007417 -0.001031
0.027578 0.015894 -0.000998
0.028305 0.012603 -0.000001
0.027578 0.015894 -0.000998
0.021940 0.023366 -0.001023
0.028305 0.012603 -0.000001
0.021940 0.023366 -0.001023
0.022016 0.021496 0.000029
0.005427 0.031738 -0.001008
0.015946 0.026803 -0.000002
0.014309 0.028685 -0.000998
0.014309 0.028685 -0.000998
0.015946 0.026803 -0.000002
0.021940 0.023366 -0.001023
0.021940 0.023366 -0.001023
0.015946 0.026803 -0.000002
0.022016 0.021496 0.000029
0.005427 0.031738 -0.001008
0.004856 0.030794 -0.000002
0.015946 0.026803 -0.000002
0.004856 0.030794 -0.000002
0.005427 0.031738 -0.001008
-0.003925 0.031870 -0.000983
0.004856 0.030794 -0.000002
-0.003925 0.031870 -0.000983
-0.005774 0.030622 -0.000003
-0.005774 0.030622 -0.000003
-0.003925 0.031870 -0.000983
-0.012901 0.029458 -0.000995
-0.005774 0.030622 -0.000003
-0.012901 0.029458 -0.000995
-0.014234 0.027593 -0.000003
-0.014234 0.027593 -0.000003
-0.012901 0.029458 -0.000995
-0.022142 0.023170 -0.001023
-0.014234 0.027593 -0.000003
-0.022142 0.023170 -0.001023
-0.020878 0.022634 0.000035
-0.031542 0.001404 -0.001015
-0.029949 0.006868 -0.000002
-0.030466 0.008774 -0.000998
-0.030466 0.008774 -0.000998
-0.029949 0.006868 -0.000002
-0.026906 0.015030 -0.000003
-0.030466 0.008774 -0.000998
-0.026906 0.015030 -0.000003
-0.027685 0.015700 -0.000998
-0.027685 0.015700 -0.000998
-0.026906 0.015030 -0.000003
-0.022880 0.020621 0.000016
-0.027685 0.015700 -0.000998
-0.022880 0.020621 0.000016
-0.022142 0.023170 -0.001023
-0.022142 0.023170 -0.001023
-0.022880 0.020621 0.000016
-0.020878 0.022634 0.000035
-0.025593 -0.017800 -0.001003
-0.026802 -0.014212 -0.000003
-0.028438 -0.013106 -0.000998
-0.028438 -0.013106 -0.000998
-0.026802 -0.014212 -0.000003
-0.030422 -0.003587 -0.000002
-0.028438 -0.013106 -0.000998
-0.030422 -0.003587 -0.000002
-0.030853 -0.006044 -0.000998
-0.030853 -0.006044 -0.000998
-0.030422 -0.003587 -0.000002
-0.031542 0.001404 -0.001015
-0.031542 0.001404 -0.001015
-0.030422 -0.003587 -0.000002
-0.029949 0.006868 -0.000002
-0.021837 -0.022209 -0.000983
-0.021211 -0.021294 0.000022
-0.025593 -0.017800 -0.001003
-0.025593 -0.017800 -0.001003
-0.021211 -0.021294 0.000022
-0.026802 -0.014212 -0.000003
-0.017597 -0.025562 -0.001003
-0.015588 -0.025853 -0.000002
-0.021837 -0.022209 -0.000983
-0.021837 -0.022209 -0.000983
-0.015588 -0.025853 -0.000002
-0.021211 -0.021294 0.000022
-0.012541 -0.028388 -0.000983
-0.015588 -0.025853 -0.000002
-0.017597 -0.025562 -0.001003
0.007399 -0.030054 -0.001003
0.010755 -0.028068 -0.000003
0.002131 -0.029910 -0.000003
0.007399 -0.030054 -0.001003
0.002131 -0.029910 -0.000003
0.001980 -0.030926 -0.000998
0.001980 -0.030926 -0.000998
0.002131 -0.029910 -0.000003
-0.005625 -0.029498 -0.000003
0.001980 -0.030926 -0.000998
-0.005625 -0.029498 -0.000003
-0.005472 -0.030510 -0.000998
-0.005472 -0.030510 -0.000998
-0.005625 -0.029498 -0.000003
-0.012541 -0.028388 -0.000983
-0.012541 -0.028388 -0.000983
-0.005625 -0.029498 -0.000003
-0.015588 -0.025853 -0.000002
-0.002200 -0.030909 -0.006503
-0.005472 -0.030510 -0.000998
-0.009531 -0.029512 -0.006503
-0.009531 -0.029512 -0.006503
-0.005472 -0.030510 -0.000998
-0.012541 -0.028388 -0.000983
-0.009531 -0.029512 -0.006503
-0.012541 -0.028388 -0.000983
-0.016328 -0.026432 -0.006503
-0.016328 -0.026432 -0.006503
-0.012541 -0.028388 -0.000983
-0.017597 -0.025562 -0.001003
-0.016328 -0.026432 -0.006503
-0.017597 -0.025562 -0.001003
-0.021837 -0.022209 -0.000983
-0.016328 -0.026432 -0.006503
-0.021837 -0.022209 -0.000983
-0.023661 -0.020443 -0.006503
-0.023661 -0.020443 -0.006503
-0.021837 -0.022209 -0.000983
-0.025593 -0.017800 -0.001003
-0.023661 -0.020443 -0.006503
-0.025593 -0.017800 -0.001003
-0.028438 -0.013106 -0.000998
-0.023661 -0.020443 -0.006503
-0.028438 -0.013106 -0.000998
-0.028624 -0.012705 -0.006503
-0.028624 -0.012705 -0.006503
-0.028438 -0.013106 -0.000998
-0.030853 -0.006044 -0.000998
-0.028624 -0.012705 -0.006503
-0.030853 -0.006044 -0.000998
-0.031360 -0.003641 -0.006503
-0.031360 -0.003641 -0.006503
-0.030853 -0.006044 -0.000998
-0.031542 0.001404 -0.001015
-0.031360 -0.003641 -0.006503
-0.031542 0.001404 -0.001015
-0.031153 0.005550 -0.006503
-0.031153 0.005550 -0.006503
-0.031542 0.001404 -0.001015
-0.030466 0.008774 -0.000998
-0.031153 0.005550 -0.006503
-0.030466 0.008774 -0.000998
-0.029111 0.012728 -0.006503
-0.029111 0.012728 -0.006503
-0.030466 0.008774 -0.000998
-0.027685 0.015700 -0.000998
-0.029111 0.012728 -0.006503
-0.027685 0.015700 -0.000998
-0.024270 0.020864 -0.006503
-0.024270 0.020864 -0.006503
-0.027685 0.015700 -0.000998
-0.022142 0.023170 -0.001023
-0.024270 0.020864 -0.006503
-0.022142 0.023170 -0.001023
-0.017349 0.026915 -0.006503
-0.017349 0.026915 -0.006503
-0.022142 0.023170 -0.001023
-0.012901 0.029458 -0.000995
-0.017349 0.026915 -0.006503
-0.012901 0.029458 -0.000995
-0.010674 0.030253 -0.006503
-0.010674 0.030253 -0.006503
-0.012901 0.029458 -0.000995
-0.003925 0.031870 -0.000983
-0.010674 0.030253 -0.006503
-0.003925 0.031870 -0.000983
-0.003402 0.031930 -0.006503
-0.003402 0.031930 -0.006503
-0.003925 0.031870 -0.000983
0.005427 0.031738 -0.001008
-0.003402 0.031930 -0.006503
0.005427 0.031738 -0.001008
0.004060 0.031851 -0.006503
0.004060 0.031851 -0.006503
0.005427 0.031738 -0.001008
0.011296 0.030022 -0.006503
0.011296 0.030022 -0.006503
0.005427 0.031738 -0.001008
0.014309 0.028685 -0.000998
0.011296 0.030022 -0.006503
0.014309 0.028685 -0.000998
0.017899 0.026545 -0.006503
0.017899 0.026545 -0.006503
0.014309 0.028685 -0.000998
0.021940 0.023366 -0.001023
0.017899 0.026545 -0.006503
0.021940 0.023366 -0.001023
0.024864 0.020132 -0.006503
0.024864 0.020132 -0.006503
0.021940 0.023366 -0.001023
0.027578 0.015894 -0.000998
0.024864 0.020132 -0.006503
0.027578 0.015894 -0.000998
0.029360 0.012113 -0.006503
0.029360 0.012113 -0.006503
0.027578 0.015894 -0.000998
0.030890 0.007417 -0.001031
0.029360 0.012113 -0.006503
0.030890 0.007417 -0.001031
0.031251 0.004894 -0.006503
0.031251 0.004894 -0.006503
0.030890 0.007417 -0.001031
0.031486 -0.000369 -0.001003
0.031251 0.004894 -0.006503
0.031486 -0.000369 -0.001003
0.031221 -0.004573 -0.006503
0.031221 -0.004573 -0.006503
0.031486 -0.000369 -0.001003
0.030898 -0.005826 -0.000998
0.031221 -0.004573 -0.006503
0.030898 -0.005826 -0.000998
0.027873 -0.014411 -0.001031
0.031221 -0.004573 -0.006503
0.027873 -0.014411 -0.001031
0.028339 -0.013303 -0.006503
0.028339 -0.013303 -0.006503
0.027873 -0.014411 -0.001031
0.023025 -0.021138 -0.006503
0.023025 -0.021138 -0.006503
0.027873 -0.014411 -0.001031
0.023241 -0.020698 -0.001003
0.023025 -0.021138 -0.006503
0.023241 -0.020698 -0.001003
0.019222 -0.024458 -0.001015
0.023025 -0.021138 -0.006503
0.019222 -0.024458 -0.001015
0.014027 -0.027798 -0.006503
0.014027 -0.027798 -0.006503
0.019222 -0.024458 -0.001015
0.012897 -0.028231 -0.000983
0.014027 -0.027798 -0.006503
0.012897 -0.028231 -0.000983
0.007399 -0.030054 -0.001003
0.014027 -0.027798 -0.006503
0.007399 -0.030054 -0.001003
0.005254 -0.030545 -0.006503
0.005254 -0.030545 -0.006503
0.007399 -0.030054 -0.001003
0.001980 -0.030926 -0.000998
0.005254 -0.030545 -0.006503
0.001980 -0.030926 -0.000998
-0.002200 -0.030909 -0.006503
-0.002200 -0.030909 -0.006503
0.001980 -0.030926 -0.000998
-0.005472 -0.030510 -0.000998
-0.004762 -0.033432 -0.032808
-0.005025 -0.033402 -0.031800
-0.004333 -0.033428 -0.034587
-0.004762 -0.033432 -0.032808
-0.004333 -0.033428 -0.034587
-0.003817 -0.033432 -0.034712
-0.003817 -0.033432 -0.034712
-0.004333 -0.033428 -0.034587
-0.002095 -0.033394 -0.036080
-0.000449 -0.033432 -0.036457
-0.002095 -0.033394 -0.036080
0.000461 -0.033428 -0.036822
-0.000449 -0.033432 -0.036457
0.000461 -0.033428 -0.036822
0.001664 -0.033432 -0.036220
0.001664 -0.033432 -0.036220
0.000461 -0.033428 -0.036822
0.002990 -0.033430 -0.035824
0.001664 -0.033432 -0.036220
0.002990 -0.033430 -0.035824
0.003775 -0.033432 -0.034763
0.003775 -0.033432 -0.034763
0.002990 -0.033430 -0.035824
0.004794 -0.033428 -0.033788
0.003775 -0.033432 -0.034763
0.004794 -0.033428 -0.033788
0.004752 -0.033432 -0.032846
0.004752 -0.033432 -0.032846
0.004794 -0.033428 -0.033788
0.004886 -0.033432 -0.030725
0.004886 -0.033432 -0.030725
0.004794 -0.033428 -0.033788
0.005111 -0.033430 -0.030183
0.004886 -0.033432 -0.030725
0.005111 -0.033430 -0.030183
0.004046 -0.033432 -0.028744
0.004046 -0.033432 -0.028744
0.005111 -0.033430 -0.030183
0.003372 -0.033429 -0.027534
0.004046 -0.033432 -0.028744
0.003372 -0.033429 -0.027534
0.002148 -0.033432 -0.027039
0.002148 -0.033432 -0.027039
0.003372 -0.033429 -0.027534
0.000461 -0.033429 -0.026282
0.002148 -0.033432 -0.027039
0.000461 -0.033429 -0.026282
-0.000409 -0.033432 -0.026645
-0.000409 -0.033432 -0.026645
0.000461 -0.033429 -0.026282
-0.002063 -0.033432 -0.027081
-0.003034 -0.033428 -0.027219
-0.002063 -0.033432 -0.027081
-0.003034 -0.033428 -0.027219
-0.004072 -0.033432 -0.028653
-0.004072 -0.033432 -0.028653
-0.003034 -0.033428 -0.027219
-0.004929 -0.033429 -0.029758
-0.004072 -0.033432 -0.028653
-0.004929 -0.033429 -0.029758
-0.005025 -0.033402 -0.031800
0.031251 0.004894 -0.006503
0.034587 0.006718 -0.006502
0.029360 0.012113 -0.006503
0.030811 0.017440 -0.006502
0.024864 0.020132 -0.006503
0.025211 0.024908 -0.006503
0.017899 0.026545 -0.006503
0.016029 0.031956 -0.006502
0.011296 0.030022 -0.006503
0.004060 0.031851 -0.006503
0.003324 0.035536 -0.006502
-0.023661 -0.020443 -0.006503
-0.022403 -0.026649 -0.006501
-0.016328 -0.026432 -0.006503
-0.012659 -0.032116 -0.006503
-0.009531 -0.029512 -0.006503
-0.003324 -0.034408 -0.006502
-0.002200 -0.030909 -0.006503
0.005254 -0.030545 -0.006503
0.008017 -0.033639 -0.006502
0.014027 -0.027798 -0.006503
0.016712 -0.030241 -0.006503
-0.003402 0.031930 -0.006503
-0.009951 0.034378 -0.006502
-0.010674 0.030253 -0.006503
-0.017349 0.026915 -0.006503
-0.019945 0.029381 -0.006503
-0.024270 0.020864 -0.006503
-0.028386 0.021461 -0.006502
-0.029111 0.012728 -0.006503
0.025960 -0.023279 -0.006502
0.023025 -0.021138 -0.006503
0.028339 -0.013303 -0.006503
0.032809 -0.011994 -0.006502
0.031221 -0.004573 -0.006503
0.034875 -0.002891 -0.006503
-0.034537 0.007610 -0.006501
-0.031153 0.005550 -0.006503
-0.031360 -0.003641 -0.006503
-0.034587 -0.005591 -0.006502
-0.028624 -0.012705 -0.006503
-0.030811 -0.016312 -0.006502
0.012928 -0.034646 -0.038790
0.015782 -0.033436 -0.037564
0.008153 -0.036073 -0.040206
0.008153 -0.036073 -0.040206
0.015782 -0.033436 -0.037564
0.002101 -0.036905 -0.041047
-0.015796 -0.033436 -0.037582
-0.012177 -0.034934 -0.039074
-0.007088 -0.036264 -0.040402
-0.007088 -0.036264 -0.040402
-0.003270 -0.036807 -0.040954
0.015782 -0.033436 -0.037564
-0.003270 -0.036807 -0.040954
0.012926 -0.034651 -0.024307
-0.015784 -0.033436 -0.025542
0.015797 -0.033436 -0.025522
0.009210 -0.035795 -0.023165
0.004104 -0.036739 -0.022233
-0.002124 -0.036907 -0.022060
-0.015784 -0.033436 -0.025542
-0.002124 -0.036907 -0.022060
-0.008397 -0.036013 -0.022951
-0.015784 -0.033436 -0.025542
-0.008397 -0.036013 -0.022951
-0.012990 -0.034622 -0.024339
-0.002187 -0.036893 -0.008972
-0.003324 -0.034408 -0.006502
-0.009507 -0.035755 -0.008976
-0.009507 -0.035755 -0.008976
-0.003324 -0.034408 -0.006502
-0.012659 -0.032116 -0.006503
-0.009507 -0.035755 -0.008976
-0.012659 -0.032116 -0.006503
-0.015746 -0.033470 -0.009003
-0.015746 -0.033470 -0.009003
-0.012659 -0.032116 -0.006503
-0.022403 -0.026649 -0.006501
-0.015746 -0.033470 -0.009003
-0.022403 -0.026649 -0.006501
-0.020978 -0.030582 -0.008998
-0.020978 -0.030582 -0.008998
-0.022403 -0.026649 -0.006501
-0.028578 -0.023936 -0.008995
-0.028578 -0.023936 -0.008995
-0.022403 -0.026649 -0.006501
-0.030811 -0.016312 -0.006502
-0.028578 -0.023936 -0.008995
-0.030811 -0.016312 -0.006502
-0.034031 -0.015313 -0.008998
-0.034031 -0.015313 -0.008998
-0.030811 -0.016312 -0.006502
-0.034587 -0.005591 -0.006502
-0.034031 -0.015313 -0.008998
-0.034587 -0.005591 -0.006502
-0.036648 -0.007626 -0.008998
-0.036648 -0.007626 -0.008998
-0.034587 -0.005591 -0.006502
-0.037552 0.000443 -0.008998
-0.037552 0.000443 -0.008998
-0.034587 -0.005591 -0.006502
-0.034537 0.007610 -0.006501
-0.037552 0.000443 -0.008998
-0.034537 0.007610 -0.006501
-0.036700 0.008519 -0.008998
-0.036700 0.008519 -0.008998
-0.034537 0.007610 -0.006501
-0.034132 0.016222 -0.008998
-0.034132 0.016222 -0.008998
-0.034537 0.007610 -0.006501
-0.028386 0.021461 -0.006502
-0.034132 0.016222 -0.008998
-0.028386 0.021461 -0.006502
-0.029968 0.023193 -0.008998
-0.029968 0.023193 -0.008998
-0.028386 0.021461 -0.006502
-0.022917 0.030426 -0.008995
-0.022917 0.030426 -0.008995
-0.028386 0.021461 -0.006502
-0.019945 0.029381 -0.006503
-0.022917 0.030426 -0.008995
-0.019945 0.029381 -0.006503
-0.009951 0.034378 -0.006502
-0.022917 0.030426 -0.008995
-0.009951 0.034378 -0.006502
-0.012182 0.036180 -0.008995
-0.012182 0.036180 -0.008995
-0.009951 0.034378 -0.006502
-0.002154 0.038054 -0.008998
-0.002154 0.038054 -0.008998
-0.009951 0.034378 -0.006502
0.003324 0.035536 -0.006502
-0.002154 0.038054 -0.008998
0.003324 0.035536 -0.006502
0.005955 0.037641 -0.008998
0.005955 0.037641 -0.008998
0.003324 0.035536 -0.006502
0.016029 0.031956 -0.006502
0.005955 0.037641 -0.008998
0.016029 0.031956 -0.006502
0.013787 0.035494 -0.008998
0.013787 0.035494 -0.008998
0.016029 0.031956 -0.006502
0.022644 0.030634 -0.008995
0.022644 0.030634 -0.008995
0.016029 0.031956 -0.006502
0.025211 0.024908 -0.006503
0.022644 0.030634 -0.008995
0.025211 0.024908 -0.006503
0.031060 0.021829 -0.008995
0.031060 0.021829 -0.008995
0.025211 0.024908 -0.006503
0.030811 0.017440 -0.006502
0.031060 0.021829 -0.008995
0.030811 0.017440 -0.006502
0.035548 0.012669 -0.008998
0.035548 0.012669 -0.008998
0.030811 0.017440 -0.006502
0.034587 0.006718 -0.006502
0.035548 0.012669 -0.008998
0.034587 0.006718 -0.006502
0.037319 0.004744 -0.008998
0.037319 0.004744 -0.008998
0.034587 0.006718 -0.006502
0.034875 -0.002891 -0.006503
0.037319 0.004744 -0.008998
0.034875 -0.002891 -0.006503
0.037174 -0.005356 -0.008995
0.037174 -0.005356 -0.008995
0.034875 -0.002891 -0.006503
0.032809 -0.011994 -0.006502
0.037174 -0.005356 -0.008995
0.032809 -0.011994 -0.006502
0.034132 -0.015094 -0.008998
0.034132 -0.015094 -0.008998
0.032809 -0.011994 -0.006502
0.025960 -0.023279 -0.006502
0.034132 -0.015094 -0.008998
0.025960 -0.023279 -0.006502
0.029968 -0.022065 -0.008998
0.029968 -0.022065 -0.008998
0.025960 -0.023279 -0.006502
0.024403 -0.027979 -0.008998
0.024403 -0.027979 -0.008998
0.025960 -0.023279 -0.006502
0.016712 -0.030241 -0.006503
0.024403 -0.027979 -0.008998
0.016712 -0.030241 -0.006503
0.019333 -0.031568 -0.009003
0.019333 -0.031568 -0.009003
0.016712 -0.030241 -0.006503
0.013048 -0.034632 -0.008991
0.013048 -0.034632 -0.008991
0.016712 -0.030241 -0.006503
0.008017 -0.033639 -0.006502
0.013048 -0.034632 -0.008991
0.008017 -0.033639 -0.006502
0.005498 -0.036556 -0.008980
0.005498 -0.036556 -0.008980
0.008017 -0.033639 -0.006502
-0.003324 -0.034408 -0.006502
0.005498 -0.036556 -0.008980
-0.003324 -0.034408 -0.006502
-0.002187 -0.036893 -0.008972
0.036747 0.008284 -0.045752
0.037548 0.000204 -0.045752
0.036631 0.000564 -0.045752
0.036408 -0.003466 -0.045752
0.036127 -0.009998 -0.045752
0.035744 -0.007447 -0.045752
0.034646 -0.011330 -0.045752
0.033127 -0.015069 -0.045752
0.031987 -0.019103 -0.045752
0.031206 -0.018619 -0.045752
0.028907 -0.021935 -0.045752
0.027012 -0.025519 -0.045752
0.026256 -0.024979 -0.045752
0.023287 -0.027712 -0.045752
0.020660 -0.030801 -0.045752
0.020035 -0.030102 -0.045752
0.016540 -0.032120 -0.045752
0.013250 -0.034545 -0.045752
0.012844 -0.033741 -0.045752
0.008992 -0.034946 -0.045752
0.005917 -0.036516 -0.045752
0.005031 -0.035720 -0.045752
0.001009 -0.036053 -0.045752
-0.003585 -0.036875 -0.045752
-0.003025 -0.035942 -0.045752
-0.007023 -0.035387 -0.045752
-0.010935 -0.034397 -0.045752
-0.013308 -0.034525 -0.045752
-0.014714 -0.032981 -0.045752
-0.018315 -0.031159 -0.045752
-0.020708 -0.030811 -0.045753
-0.021694 -0.028952 -0.045752
-0.024809 -0.026386 -0.045752
-0.029016 -0.023411 -0.045752
-0.027623 -0.023493 -0.045752
-0.030102 -0.020309 -0.045752
-0.032216 -0.016870 -0.045752
-0.034229 -0.014875 -0.045752
-0.033938 -0.013221 -0.045752
-0.035249 -0.009403 -0.045752
-0.036747 -0.007156 -0.045752
-0.036131 -0.005465 -0.045752
-0.036575 -0.001454 -0.045752
-0.037553 0.003113 -0.045752
-0.036575 0.002582 -0.045752
-0.036131 0.006593 -0.045752
-0.035249 0.010531 -0.045752
-0.035467 0.012894 -0.045752
-0.033938 0.014348 -0.045752
-0.032216 0.017998 -0.045752
-0.030864 0.022108 -0.045752
-0.030102 0.021436 -0.045752
-0.027623 0.024621 -0.045752
-0.024809 0.027514 -0.045752
-0.022370 0.030835 -0.045752
-0.021694 0.030080 -0.045752
-0.018315 0.032287 -0.045752
-0.014714 0.034109 -0.045752
-0.013563 0.035578 -0.045752
-0.010935 0.035524 -0.045752
-0.007023 0.036515 -0.045752
-0.005718 0.037675 -0.045752
-0.003025 0.037069 -0.045752
0.001009 0.037181 -0.045752
0.002392 0.038037 -0.045752
0.005031 0.036847 -0.045752
0.008992 0.036074 -0.045752
0.012503 0.036067 -0.045752
0.012844 0.034869 -0.045752
0.016540 0.033248 -0.045752
0.020035 0.031230 -0.045752
0.023185 0.030216 -0.045752
0.023287 0.028840 -0.045752
0.026256 0.026106 -0.045752
0.028907 0.023063 -0.045752
0.030110 0.023000 -0.045752
0.031206 0.019746 -0.045752
0.033127 0.016197 -0.045752
0.034229 0.016003 -0.045752
0.034646 0.012458 -0.045752
0.035744 0.008574 -0.045752
0.036408 0.004594 -0.045752
0.015797 -0.033436 -0.025522
0.000461 -0.033429 -0.026282
0.005111 -0.033430 -0.030183
0.000461 -0.033429 -0.026282
0.015797 -0.033436 -0.025522
-0.015784 -0.033436 -0.025542
-0.003034 -0.033428 -0.027219
-0.015796 -0.033436 -0.037582
-0.004929 -0.033429 -0.029758
0.004794 -0.033428 -0.033788
-0.015796 -0.033436 -0.037582
0.015782 -0.033436 -0.037564
0.000461 -0.033428 -0.036822
-0.015796 -0.033436 -0.037582
-0.005025 -0.033402 -0.031800
-0.004333 -0.033428 -0.034587
-0.015784 -0.033436 -0.025542
0.015782 -0.033436 -0.037564
0.000461 -0.033428 -0.036822
-0.015796 -0.033436 -0.037582
0.000461 -0.033428 -0.036822
-0.002095 -0.033394 -0.036080
-0.015796 -0.033436 -0.037582
-0.002095 -0.033394 -0.036080
-0.004333 -0.033428 -0.034587
0.013250 -0.034545 -0.045752
0.020660 -0.030801 -0.045752
0.015782 -0.033436 -0.037564
0.015797 -0.033436 -0.025522
0.019333 -0.031568 -0.009003
0.013048 -0.034632 -0.008991
0.015797 -0.033436 -0.025522
0.013048 -0.034632 -0.008991
0.012926 -0.034651 -0.024307
0.013048 -0.034632 -0.008991
0.005498 -0.036556 -0.008980
0.009210 -0.035795 -0.023165
0.013048 -0.034632 -0.008991
0.009210 -0.035795 -0.023165
0.012926 -0.034651 -0.024307
0.005498 -0.036556 -0.008980
0.004104 -0.036739 -0.022233
0.009210 -0.035795 -0.023165
-0.002187 -0.036893 -0.008972
-0.002124 -0.036907 -0.022060
0.005498 -0.036556 -0.008980
0.005498 -0.036556 -0.008980
-0.002124 -0.036907 -0.022060
0.004104 -0.036739 -0.022233
-0.008397 -0.036013 -0.022951
-0.002124 -0.036907 -0.022060
-0.009507 -0.035755 -0.008976
-0.009507 -0.035755 -0.008976
-0.002124 -0.036907 -0.022060
-0.002187 -0.036893 -0.008972
-0.015784 -0.033436 -0.025542
-0.012990 -0.034622 -0.024339
-0.015746 -0.033470 -0.009003
-0.015746 -0.033470 -0.009003
-0.012990 -0.034622 -0.024339
-0.009507 -0.035755 -0.008976
-0.009507 -0.035755 -0.008976
-0.012990 -0.034622 -0.024339
-0.008397 -0.036013 -0.022951
-0.013308 -0.034525 -0.045752
-0.015796 -0.033436 -0.037582
-0.020708 -0.030811 -0.045753
-0.020708 -0.030811 -0.045753
-0.015796 -0.033436 -0.037582
-0.015784 -0.033436 -0.025542
-0.013308 -0.034525 -0.045752
-0.012177 -0.034934 -0.039074
-0.015796 -0.033436 -0.037582
-0.003585 -0.036875 -0.045752
-0.007088 -0.036264 -0.040402
-0.013308 -0.034525 -0.045752
-0.013308 -0.034525 -0.045752
-0.007088 -0.036264 -0.040402
-0.012177 -0.034934 -0.039074
-0.003585 -0.036875 -0.045752
-0.003270 -0.036807 -0.040954
-0.007088 -0.036264 -0.040402
0.002101 -0.036905 -0.041047
-0.003270 -0.036807 -0.040954
-0.003585 -0.036875 -0.045752
0.005917 -0.036516 -0.045752
0.002101 -0.036905 -0.041047
-0.003585 -0.036875 -0.045752
0.005917 -0.036516 -0.045752
0.008153 -0.036073 -0.040206
0.002101 -0.036905 -0.041047
0.013250 -0.034545 -0.045752
0.008153 -0.036073 -0.040206
0.005917 -0.036516 -0.045752
0.013250 -0.034545 -0.045752
0.015782 -0.033436 -0.037564
0.012928 -0.034646 -0.038790
0.013250 -0.034545 -0.045752
0.012928 -0.034646 -0.038790
0.008153 -0.036073 -0.040206
-0.015784 -0.033436 -0.025542
-0.015746 -0.033470 -0.009003
-0.020978 -0.030582 -0.008998
-0.020708 -0.030811 -0.045753
-0.020708 -0.030811 -0.045753
-0.020978 -0.030582 -0.008998
-0.028578 -0.023936 -0.008995
-0.020708 -0.030811 -0.045753
-0.028578 -0.023936 -0.008995
-0.029016 -0.023411 -0.045752
-0.029016 -0.023411 -0.045752
-0.028578 -0.023936 -0.008995
-0.034031 -0.015313 -0.008998
-0.029016 -0.023411 -0.045752
-0.034031 -0.015313 -0.008998
-0.034229 -0.014875 -0.045752
-0.034229 -0.014875 -0.045752
-0.034031 -0.015313 -0.008998
-0.036648 -0.007626 -0.008998
-0.034229 -0.014875 -0.045752
-0.036648 -0.007626 -0.008998
-0.036747 -0.007156 -0.045752
-0.036747 -0.007156 -0.045752
-0.036648 -0.007626 -0.008998
-0.037552 0.000443 -0.008998
-0.036747 -0.007156 -0.045752
-0.037552 0.000443 -0.008998
-0.037553 0.003113 -0.045752
-0.037553 0.003113 -0.045752
-0.037552 0.000443 -0.008998
-0.036700 0.008519 -0.008998
-0.037553 0.003113 -0.045752
-0.036700 0.008519 -0.008998
-0.035467 0.012894 -0.045752
-0.035467 0.012894 -0.045752
-0.036700 0.008519 -0.008998
-0.034132 0.016222 -0.008998
-0.035467 0.012894 -0.045752
-0.034132 0.016222 -0.008998
-0.030864 0.022108 -0.045752
-0.030864 0.022108 -0.045752
-0.034132 0.016222 -0.008998
-0.029968 0.023193 -0.008998
-0.030864 0.022108 -0.045752
-0.029968 0.023193 -0.008998
-0.022917 0.030426 -0.008995
-0.022370 0.030835 -0.045752
-0.022370 0.030835 -0.045752
-0.022917 0.030426 -0.008995
-0.012182 0.036180 -0.008995
-0.013563 0.035578 -0.045752
-0.013563 0.035578 -0.045752
-0.012182 0.036180 -0.008995
-0.005718 0.037675 -0.045752
-0.005718 0.037675 -0.045752
-0.012182 0.036180 -0.008995
-0.002154 0.038054 -0.008998
-0.005718 0.037675 -0.045752
-0.002154 0.038054 -0.008998
0.002392 0.038037 -0.045752
0.002392 0.038037 -0.045752
-0.002154 0.038054 -0.008998
0.005955 0.037641 -0.008998
0.002392 0.038037 -0.045752
0.005955 0.037641 -0.008998
0.012503 0.036067 -0.045752
0.012503 0.036067 -0.045752
0.005955 0.037641 -0.008998
0.013787 0.035494 -0.008998
0.012503 0.036067 -0.045752
0.013787 0.035494 -0.008998
0.022644 0.030634 -0.008995
0.023185 0.030216 -0.045752
0.023185 0.030216 -0.045752
0.022644 0.030634 -0.008995
0.031060 0.021829 -0.008995
0.030110 0.023000 -0.045752
0.030110 0.023000 -0.045752
0.031060 0.021829 -0.008995
0.034229 0.016003 -0.045752
0.034229 0.016003 -0.045752
0.031060 0.021829 -0.008995
0.035548 0.012669 -0.008998
0.034229 0.016003 -0.045752
0.035548 0.012669 -0.008998
0.036747 0.008284 -0.045752
0.036747 0.008284 -0.045752
0.035548 0.012669 -0.008998
0.037319 0.004744 -0.008998
0.036747 0.008284 -0.045752
0.037319 0.004744 -0.008998
0.037548 0.000204 -0.045752
0.037548 0.000204 -0.045752
0.037319 0.004744 -0.008998
0.037174 -0.005356 -0.008995
0.037548 0.000204 -0.045752
0.037174 -0.005356 -0.008995
0.036127 -0.009998 -0.045752
0.036127 -0.009998 -0.045752
0.037174 -0.005356 -0.008995
0.034132 -0.015094 -0.008998
0.036127 -0.009998 -0.045752
0.034132 -0.015094 -0.008998
0.031987 -0.019103 -0.045752
0.031987 -0.019103 -0.045752
0.034132 -0.015094 -0.008998
0.029968 -0.022065 -0.008998
0.031987 -0.019103 -0.045752
0.029968 -0.022065 -0.008998
0.027012 -0.025519 -0.045752
0.027012 -0.025519 -0.045752
0.029968 -0.022065 -0.008998
0.024403 -0.027979 -0.008998
0.027012 -0.025519 -0.045752
0.024403 -0.027979 -0.008998
0.020660 -0.030801 -0.045752
0.020660 -0.030801 -0.045752
0.024403 -0.027979 -0.008998
0.019333 -0.031568 -0.009003
0.020660 -0.030801 -0.045752
0.019333 -0.031568 -0.009003
0.015797 -0.033436 -0.025522
0.015782 -0.033436 -0.037564
F
0 1 2
3 4 5
6 7 8
9 10 11
12 13 14
15 16 17
18 19 20
21 22 23
24 25 26
27 28 29
30 31 32
33 34 35
36 37 38
39 40 41
42 43 44
45 46 47
48 49 50
51 52 53
54 55 56
57 58 59
60 61 62
63 64 65
66 67 68
69 70 71
72 73 74
75 76 77
78 79 80
81 82 83
84 85 86
87 88 89
90 91 92
93 94 95
96 97 98
99 100 101
102 103 104
105 106 107
108 109 110
111 112 113
114 115 116
117 118 119
120 121 122
123 124 125
126 127 128
129 130 131
132 133 134
135 136 137
138 2 1
139 140 141
142 143 144
145 146 147
148 149 150
151 152 153
154 155 156
157 158 159
160 161 162
163 164 165
166 167 168
169 170 171
172 173 174
175 176 177
178 179 180
181 182 183
184 185 186
187 188 189
190 191 192
193 194 195
196 197 198
199 200 201
202 203 204
205 206 207
208 209 210
211 212 213
214 215 216
217 218 219
220 221 222
223 224 225
226 227 228
229 230 231
232 233 234
235 236 237
238 239 240
241 242 243
244 245 246
247 248 249
250 251 252
253 254 255
256 257 258
259 260 261
262 263 264
265 266 267
268 269 270
271 272 273
274 275 276
274 277 275
274 278 277
274 279 278
280 281 274
274 282 280
274 283 282
274 276 283
284 285 286
284 287 285
284 288 287
284 289 288
284 290 291
284 292 290
284 293 292
284 286 293
294 295 296
296 297 294
296 298 297
296 299 298
296 300 301
296 302 300
296 303 302
296 295 303
304 305 306
306 307 304
306 308 307
306 309 308
306 310 311
306 312 310
306 313 312
306 305 313
314 315 316
315 317 316
318 319 315
315 319 317
315 320 318
321 322 315
315 322 320
315 323 321
324 325 315
315 325 323
315 326 324
327 328 315
315 328 326
315 329 327
315 330 329
314 331 315
315 331 332
333 334 335
336 337 338
339 340 341
342 343 344
345 346 347
348 349 350
351 352 353
354 355 356
357 358 359
360 361 362
363 364 365
366 367 368
369 370 371
372 373 374
375 376 377
378 379 380
381 382 383
384 385 386
387 388 389
390 391 392
393 394 395
396 397 398
399 400 401
402 403 404
405 406 407
408 409 410
411 412 413
414 415 416
417 418 419
420 421 422
422 421 423
424 425 426
427 428 429
430 431 432
433 434 435
436 437 438
439 440 441
442 443 444
445 446 447
448 449 450
451 452 453
454 455 456
457 458 459
460 461 462
463 464 465
466 467 468
469 470 471
472 473 474
475 476 477
478 479 480
481 482 483
484 485 486
487 488 489
490 491 492
493 494 495
496 497 498
499 500 501
502 503 504
505 506 507
508 509 510
511 512 513
514 515 516
517 518 519
520 521 522
523 524 525
526 527 528
529 530 531
532 533 534
535 536 537
538 539 540
541 542 543
544 545 546
547 548 549
550 551 552
553 554 555
556 557 558
559 560 561
562 563 564
565 566 567
568 569 570
571 572 573
574 575 576
577 578 579
580 581 582
583 584 585
586 587 588
589 590 591
592 593 594
595 596 597
598 599 600
601 602 603
604 605 606
607 608 609
610 611 612
613 614 615
616 617 618
619 620 621
622 623 624
625 626 627
628 629 630
630 629 631
632 633 634
635 636 637
638 639 640
641 642 643
644 645 646
647 648 649
650 651 652
653 654 655
656 657 658
659 660 661
662 663 664
665 666 667
668 669 670
671 672 673
674 675 676
677 678 679
680 681 682
683 684 685
686 687 688
689 690 691
692 693 694
695 696 697
698 699 700
701 702 703
704 705 706
707 708 709
710 711 712
713 714 715
716 717 718
719 720 721
722 723 724
725 726 727
728 729 730
731 732 733
734 735 736
737 738 739
740 741 742
743 744 745
746 747 748
749 750 751
752 753 754
755 756 757
758 759 760
761 762 763
764 765 766
767 768 769
770 771 772
773 774 775
776 777 778
779 780 781
782 783 784
785 786 787
788 789 790
791 792 793
794 795 796
797 798 799
800 801 802
803 804 805
806 807 808
809 810 811
812 813 814
815 816 817
818 819 820
821 822 823
824 825 826
827 828 829
830 831 832
833 834 835
836 837 838
839 840 841
842 843 844
845 846 847
848 849 850
851 852 853
854 855 856
857 858 859
860 861 862
863 864 865
866 867 868
869 870 871
872 873 874
875 876 877
878 879 880
881 882 883
884 885 886
887 888 889
890 891 892
893 894 895
896 897 898
899 900 901
902 903 904
905 906 907
908 909 910
911 912 913
914 915 916
917 918 919
920 921 922
923 924 925
926 927 928
929 930 931
932 933 934
935 936 937
938 939 940
941 942 943
944 945 946
947 948 949
950 951 952
953 954 955
956 957 958
959 960 961
962 963 964
965 966 967
968 969 970
971 972 973
974 975 976
977 978 979
980 981 982
983 984 985
986 987 988
989 990 991
992 993 994
995 996 997
998 999 1000
1001 1002 1003
1004 1005 1006
1007 1008 1009
1010 1011 1012
1013 1014 1015
1016 1017 1018
1019 1020 1021
1022 1023 1024
1025 1026 1027
1028 1029 1030
1031 1032 1033
1034 1035 1036
1037 1038 1039
1040 1041 1042
1043 1044 1045
1046 1047 1048
1049 1050 1051
1052 1053 1054
1055 1056 1057
1058 1059 1060
1061 1062 1063
1064 1065 1066
1067 1068 1069
1070 1071 1072
1073 1074 1075
1076 1077 1078
1079 1080 1081
1082 1083 1084
1085 1086 1087
1088 1089 1090
1091 1092 1093
1094 1095 1096
1097 1098 1099
1100 1101 1102
1103 1104 1105
1106 1107 1108
1109 1110 1111
1112 1113 1114
1115 1116 1117
1118 1119 1120
1121 1122 1123
1124 1125 1126
1127 1128 1129
1130 1131 1132
1133 1134 1135
1136 1137 1138
1139 1140 1141
1142 1143 1144
1145 1146 1147
1148 1149 1150
1151 1152 1153
1154 339 341
1154 341 1155
1156 1157 1158
1159 1160 1161
1162 1163 1164
1165 1166 1167
1168 1169 1170
1171 1172 1173
1174 1175 1176
1177 363 365
1178 1179 1180
1181 1182 1183
1184 1185 1186
1187 1188 1189
1190 1191 1192
1193 1194 1195
1196 1197 1198
1199 1200 1201
1202 1203 1204
1205 1206 1207
1208 393 395
1209 1210 1211
1212 1213 1214
1215 1216 1217
1218 1219 1220
1221 1222 1223
1224 1225 1226
1227 1228 1229
1230 1231 1232
1233 1234 1235
1236 1237 1238
1239 1240 1241
1242 1243 1244
1242 1244 1245
1246 1247 1248
1241 1249 1239
1250 1251 1252
1253 1254 1255
1256 1257 1258
1259 1260 1253
1261 1262 1263
1264 1265 1266
1264 1266 1267
1267 1266 1268
1265 1264 1269
1269 1264 1270
1271 1272 1273
1267 1268 1274
1274 1268 1275
1276 1274 1277
1277 1274 1275
1278 1279 1280
1242 1281 1282
1283 1284 1285
1286 1287 1288
1289 1290 1291
1291 1290 1292
1288 1293 1286
1292 1290 1286
1292 1286 1294
1294 1286 1293
1295 1296 1297
1297 1296 1298
1298 1296 1299
1300 1301 1302
1303 1295 1297
1288 1287 1304
1304 1287 1305
1304 1305 1303
1303 1305 1306
1307 1308 1309
1310 1311 1312
1310 1312 1313
1314 1315 1316
1268 1317 1275
1275 1317 1318
1318 1317 1319
1318 1319 1320
1320 1319 1321
1313 1312 1322
1323 1322 1324
1324 1322 1325
1324 1325 1326
1326 1325 1268
1268 1325 1317
1327 1328 1329
1327 1329 1330
1330 1329 1331
1288 1332 1293
1293 1332 1333
1333 1332 1334
1313 1335 1328
1333 1334 1336
1336 1334 1335
1337 1338 1339
1340 1341 1342
1340 1342 1288
1288 1342 1332
1343 1344 1345
1327 1313 1328
1336 1335 1313
1336 1313 1346
1322 1323 1313
1323 1347 1313
1313 1347 1346
1348 1299 1291
1291 1299 1289
1269 1270 1349
1299 1348 1350
1299 1350 1270
1270 1350 1349
1351 1352 1353
1354 1355 1356
1357 1358 1359
1360 1361 1362
1363 1364 1365
1366 1367 1368
1369 1370 1371
1372 1373 1374
1375 1376 1377
1378 1379 1380
1381 1382 1383
1384 1385 1386
1387 1388 1389
1390 1391 1392
1393 1394 1395
1396 1397 1398
1399 1400 1401
1402 1403 1404
1405 1406 1407
1408 1409 1410
1411 1412 1413
1414 1415 1416
1417 1418 1419
1420 1421 1422
1423 1424 1425
1426 1427 1428
1429 1430 1431
1432 1433 1434
1435 1436 1437
1438 1439 1440
1441 1442 1443
1444 1445 1446
1447 1448 1449
1450 1451 1452
1453 1454 1455
1456 1457 1458
1459 1460 1461
1462 1463 1464
1465 1466 1467
1468 1469 1470
1471 1472 1473
1474 1475 1476
1477 1478 1479
1480 1481 1482
1483 1484 1485
1486 1487 1488
1489 1490 1491
1492 1493 1494
1495 1496 1497
1498 1499 1500
1501 1502 1503
1504 1505 1506
1507 1508 1509
1510 1511 1512
1513 1514 1515
1516 1517 1518
1519 1520 1521
1522 1523 1524
1525 1526 1527
1528 1529 1530
1531 1532 1533
1534 1535 1536
1537 1538 1539
1540 1541 1542
1543 1544 1545
1546 1547 1548
1549 1550 1551
1552 1553 1554
1555 1556 1557
1558 1559 1560
1561 1562 1563
1564 1565 1566
1567 1568 1569
1570 1571 1572
1573 1574 1575
1576 1577 1578
1579 1580 1581
1582 1583 1584
1585 1586 1587
1588 1589 1590
1591 1592 1593
1594 1595 1596
1597 1598 1599
1600 1601 1602
1603 1604 1605
1606 1607 1608
1609 1610 1611
1612 1613 1614
1615 1616 1617
1618 1619 1620
1621 1622 1623
1624 1625 1626
1627 1628 1629
1630 1631 1632
1633 1634 1635
1636 1637 1638
1639 1640 1641
1642 1643 1644
1645 1646 1647
1648 1649 1650
1651 1652 1653
1654 1655 1656
1657 1658 1659
1660 1661 1662
1663 1664 1665
1666 1667 1668
1669 1670 1671
1672 1673 1674
1675 1676 1677
1678 1679 1680
1681 1682 1683
1684 1685 1686
1687 1688 1689
1689 1688 1690
1691 1692 1693
1694 1695 1696
1697 1698 1699
1700 1701 1702
1702 1701 1703
1702 1703 1704
1704 1703 1705
1704 1705 1706
1706 1705 1707
1706 1707 1708
1708 1707 1709
1709 1707 1710
1711 1712 1713
1713 1712 1714
1713 1714 1715
1715 1714 1716
1715 1716 1717
1717 1716 1718
1718 1716 1719
1718 1719 1720
1720 1719 1721
1709 1710 1722
1722 1710 1723
1722 1723 1724
1724 1723 1725
1725 1723 1726
1725 1726 1727
1727 1726 1728
1727 1728 1729
1720 1721 1730
1720 1730 1731
1731 1730 1732
1732 1730 1733
1732 1733 1734
1734 1733 1735
1734 1735 1700
1700 1735 1701
1728 1736 1729
1729 1736 1737
1737 1736 1738
1738 1736 1739
1738 1739 1740
1740 1739 1741
1740 1741 1711
1711 1741 1712
1742 1743 1744
1745 1746 1747
1748 1749 1746
1746 1749 1750
1751 1752 1753
1754 1747 1746
1755 1756 1757
1756 1755 1758
1756 1758 1759
1759 1760 1756
1761 1762 1763
1764 1765 1766
1767 1768 1769
1770 1771 1772
1773 1774 1775
1776 1777 1778
1779 1780 1781
1782 1783 1784
1785 1786 1787
1788 1789 1790
1791 1792 1793
1794 1795 1796
1797 1798 1799
1800 1801 1802
1803 1804 1805
1806 1807 1808
1809 1810 1811
1812 1813 1814
1815 1816 1817
1818 1819 1820
1821 1822 1823
1824 1825 1826
1827 1828 1829
1830 1831 1832
1833 1834 1835
1836 1837 1838
1839 1840 1841
1842 1843 1844
1845 1846 1847
1848 1849 1850
1851 1852 1853
1854 1855 1856
1857 1858 1859
1860 1861 1862
1863 1864 1865
1866 1867 1868
1869 1870 1871
1872 1873 1874
1875 1876 1877
1878 1879 1880
1881 1882 1883
1884 1885 1886
1887 1888 1889
1890 1891 1892
1893 1894 1895
1896 1897 1898
1899 1900 1901
1902 1903 1904
1905 1906 1907
1907 1906 1908
1908 1906 1909
1908 1909 1910
1910 1909 1911
1911 1909 1912
1912 1909 1913
1912 1913 1914
1914 1913 1915
1915 1913 1916
1915 1916 1917
1917 1916 1918
1918 1916 1919
1918 1919 1920
1920 1919 1921
1921 1919 1922
1921 1922 1923
1923 1922 1924
1924 1922 1925
1924 1925 1926
1926 1925 1927
1927 1925 1928
1927 1928 1929
1929 1928 1930
1930 1928 1931
1931 1928 1932
1931 1932 1933
1933 1932 1934
1934 1932 1935
1934 1935 1936
1936 1935 1937
1937 1935 1938
1937 1938 1939
1939 1938 1940
1940 1938 1941
1941 1938 1942
1941 1942 1943
1943 1942 1944
1944 1942 1945
1944 1945 1946
1946 1945 1947
1947 1945 1948
1947 1948 1949
1949 1948 1950
1950 1948 1951
1951 1948 1952
1951 1952 1953
1953 1952 1954
1954 1952 1955
1954 1955 1956
1956 1955 1957
1957 1955 1958
1958 1955 1959
1958 1959 1960
1960 1959 1961
1961 1959 1962
1962 1959 1963
1962 1963 1964
1964 1963 1965
1965 1963 1966
1965 1966 1967
1967 1966 1968
1968 1966 1969
1968 1969 1970
1970 1969 1971
1971 1969 1972
1971 1972 1973
1973 1972 1974
1974 1972 1975
1975 1972 1976
1975 1976 1977
1977 1976 1978
1978 1976 1979
1979 1976 1980
1979 1980 1981
1981 1980 1982
1982 1980 1983
1982 1983 1984
1984 1983 1985
1985 1983 1905
1985 1905 1986
1986 1905 1907
1679 1987 1988
1987 1679 1989
1990 1991 1992
1993 1994 1995
1996 1987 1989
1997 1998 1999
2000 1699 1698
2001 1997 2002
2003 1993 1988
2004 1658 2005
2006 2007 2008
2009 2010 2011
1994 1993 2003
1996 1658 1987
1987 1658 2004
2012 2013 2014
2015 2016 2017
2018 2019 2020
2021 2022 2023
2024 2025 2026
2027 2028 2029
2030 2031 2032
2033 2034 2035
2036 2037 2038
2039 2040 2041
2042 2043 2044
2045 2046 2047
2048 2049 2050
2051 2052 2053
2054 2055 2056
2057 2058 2059
2060 2061 2062
2063 2064 2065
2066 2067 2068
2069 2070 2071
2072 2073 2074
2075 2076 2077
2078 2079 2080
2081 2082 2083
2084 2085 2086
2087 2088 2089
2087 2089 2090
2091 2092 2093
2094 2095 2096
2097 2098 2099
2100 2101 2102
2103 2104 2105
2106 2107 2108
2109 2110 2111
2112 2113 2114
2115 2116 2117
2118 2119 2120
2121 2122 2123
2124 2125 2126
2127 2128 2129
2130 2131 2132
2130 2132 2133
2134 2135 2136
2134 2136 2137
2138 2139 2140
2141 2142 2143
2144 2145 2146
2147 2148 2149
2150 2151 2152
2153 2154 2155
2156 2157 2158
2156 2158 2159
2160 2161 2162
2160 2162 2163
2164 2165 2166
2167 2168 2169
2170 2171 2172
2173 2174 2175
2176 2177 2178
2179 2180 2181
2182 2183 2184
2185 2186 2187
2188 2189 2190
2191 2192 2193
2194 2195 2196
2197 2198 2199
2200 2201 2202
2203 2204 2205
2206 2207 2208
2206 2208 2209
