0.792842
0.126624
-1.554437
0.081641
-0.800065
-0.091392
0.051902
1.141613
0.319135
-0.476168
-0.156306
-0.162916
0.721782
-1.513816
0.385605
-0.716699
-0.996580
0.346322
0.225641
-0.804102
0.296015
-0.595363
-0.255708
1.797785
-0.227323
-0.556384
-0.297852
-0.027173
0.145934
0.442498
-1.094267
-0.778237
0.429716
-0.206887
0.477304
-0.111334
-0.493888
0.077187
0.137671
-0.096322
-0.423590
-0.424398
0.270508
0.199923
0.700300
0.302930
-0.869536
-0.028206
0.445187
-0.485151
0.032091
-0.291768
-0.203406
-0.332125
0.508109
-0.477566
-1.591430
-0.023744
-0.457902
2.531520
0.060321
-0.541373
0.598991
-0.066961
-0.422769
0.010206
0.044242
0.053313
0.399984
0.278923
0.531498
0.882589
-0.284673
-0.008923
-0.233195
-0.421906
0.046461
0.221683
0.569434
-0.165566
0.354947
-1.027654
-0.139086
-0.896227
0.101388
-0.020630
0.293872
-0.315074
-0.102124
0.015788
-0.045290
0.093899
0.082736
1.818210
0.352931
0.224360
1.919222
-0.056484
-0.366073
-0.323521
-0.042572
-0.368931
-0.399833
0.636825
0.547270
-0.042871
0.273890
0.791520
-0.130445
0.430375
-0.302549
-0.237968
-0.297895
0.893441
0.243016
-1.348516
-0.051017
-0.009918
1.015939
-0.129739
-0.482736
0.940731
-0.372461
-1.020198
-0.448498
-0.743572
0.036281
0.627624
