100 7
1 4.23192 -3.93496 -2.51446 -6.00835 -4.76873 1.91089
1 -3.74719 0.660284 2.51639 -4.32171 0.658293 6.03084
0 6.13322 -2.53765 1.98163 0.833068 -0.872448 0.0913355
1 3.07402 3.17633 -2.33971 -1.92757 1.91161 -5.07448
0 3.40355 -3.76578 1.44719 4.55942 3.92025 -2.85261
0 4.37548 -1.47708 1.41443 -4.35729 5.46013 5.06337
1 -4.34126 1.61631 -1.42159 -5.31893 -2.51956 0.620037
1 1.15804 -5.42925 2.90987 5.22264 -5.16142 -4.21681
0 -1.04577 0.562369 -0.084088 4.12496 2.46881 5.46372
1 -6.14817 -2.12097 -1.05361 -6.04549 2.94488 1.32537
1 5.96756 -5.16057 2.52175 -0.287657 -3.88149 2.82962
1 3.865 4.60109 2.85347 5.81237 2.08093 -5.8781
1 5.12525 0.96458 0.115192 -3.09468 1.11249 0.71088
0 1.94899 4.13463 1.7061 -5.43206 -4.00123 -2.21503
1 5.76152 3.88048 -1.83902 2.25347 -5.99777 -2.44393
1 5.51011 6.20813 -2.87354 -3.04105 -0.723641 0.412737
0 -2.70692 -0.837854 -2.65818 6.19872 -1.0522 3.11708
0 3.54982 5.12626 0.73311 5.01943 1.91812 -0.514274
1 -3.23379 2.24933 0.572982 -4.56336 -1.27706 -4.01364
1 -0.624402 -4.00853 3.0054 1.50045 1.4703 -3.92119
0 4.99367 -1.40222 0.932615 0.751297 -5.72095 2.47442
1 -3.14539 1.99244 2.31585 1.13912 -6.06531 -3.20726
0 1.6816 4.54188 1.37462 -3.93765 0.713988 -2.7901
0 -0.201793 4.03475 -0.700735 5.2457 -2.55604 -4.94674
1 -5.7927 -3.39522 -1.76562 -0.568267 1.29201 5.15049
1 -0.300048 5.83523 -2.94844 0.834893 -2.18278 -4.45735
1 -4.01173 -2.99988 -2.61586 3.28182 6.16755 3.7482
0 -2.61751 -3.22822 0.70444 5.80323 -5.36148 2.78662
1 -4.05647 1.35873 0.498966 0.385817 -0.403587 5.81834
0 1.60087 -0.31507 -1.70484 -4.9761 1.52652 -3.50723
1 -5.80127 2.53924 0.114816 -0.0345358 0.347721 4.9471
1 -2.78898 -5.71309 -2.55479 -1.11437 -2.6782 -3.52804
0 0.313723 -1.87559 0.102254 -0.144132 1.42365 -3.43921
0 4.7519 -2.97978 -0.548926 0.876682 5.83065 -0.866998
0 -2.91135 4.63248 -2.70757 5.75502 2.40631 -0.114163
1 -3.5308 2.98236 -2.48304 -4.25964 3.72328 4.25874
0 -4.13843 5.40563 -0.452883 1.50367 -3.74606 -5.91398
0 -1.49124 -2.90967 -1.38377 0.350975 5.23182 -2.09446
0 -1.10532 -2.42474 1.34971 3.88642 3.88499 -5.41235
1 0.531759 2.33909 -2.40713 2.88652 -3.97286 -1.62583
0 -1.7426 2.88245 0.375638 2.84176 4.21492 1.10437
0 4.87892 4.57678 -0.193579 4.34806 -2.576 -0.835319
0 4.08007 0.221255 0.905917 -3.50242 -2.03684 -0.840682
0 4.1635 -3.69879 0.568328 4.71675 2.30659 -0.582213
0 -1.2055 -5.90482 1.02787 -0.720947 4.67904 1.37335
1 1.77841 -6.17349 2.79452 -4.65825 2.38954 -5.80713
1 3.23195 -3.04047 -2.38285 -0.607015 -1.97453 6.03682
1 -4.29028 -3.81573 -0.711903 4.70284 -5.32953 -3.02166
1 -4.74133 -5.44941 -2.77105 -1.63048 0.0889435 5.53359
1 -4.01608 -5.70305 1.79443 -5.38396 5.80712 -4.59341
1 0.324931 -5.45768 -1.90746 -0.887428 4.5272 0.621671
1 -3.9993 -0.665869 1.65574 6.0219 1.72365 0.727878
1 -0.0809021 -3.70189 -1.78124 -0.458588 -0.491047 -5.13303
1 -5.98282 -2.34738 -0.535446 2.58169 1.93105 -2.63972
1 -2.95592 1.72522 1.49638 4.22763 4.93966 1.97902
1 -3.77639 -4.23282 0.832269 -5.1038 -3.01076 4.01876
1 1.83807 1.26081 0.252998 2.81222 5.6342 3.03067
1 -4.80048 0.528177 0.238539 2.83688 3.06193 -5.14061
1 -5.12514 2.21876 -1.01355 -2.86851 5.62334 5.60208
1 3.90016 -2.96663 2.98942 3.94701 -4.23065 3.21538
1 5.88407 -0.700214 2.94743 -4.90525 -2.72865 -3.0291
1 3.81696 1.72632 -0.520719 -2.6869 -0.929146 4.32131
1 -3.69115 5.96581 -1.14542 -1.54283 -0.976636 4.49637
1 -3.89952 -0.169256 -0.453185 -0.158739 -2.90281 -3.59525
1 -3.73136 6.15201 -1.95996 -2.40895 0.721653 -4.26272
1 -3.11685 6.01738 2.82694 3.97853 -0.585177 -1.47593
1 3.6605 2.80696 2.87328 -4.67887 1.30677 6.26822
0 -0.593437 -3.3308 1.89496 2.63382 -0.901333 1.3267
1 3.46954 -6.07551 -3.13438 4.20218 0.307289 -4.23956
1 -0.319062 -4.05491 2.238 -3.37192 -5.53012 5.21809
1 3.01024 -0.510735 1.14552 2.9069 -1.98154 -1.01847
1 -0.720883 -3.77128 -0.235844 0.543663 1.75879 0.773987
1 5.3193 4.56654 -2.73824 -2.53419 5.79697 -1.60598
1 5.98444 4.32326 -2.90172 2.14425 -5.04475 5.24732
0 2.60431 3.33598 -1.96964 -5.96915 -4.47306 3.70413
0 1.92733 0.0745264 0.763189 -6.27498 -1.07076 3.43333
0 3.0552 2.6404 -0.902587 -2.95127 -1.04251 3.54656
0 -2.06056 4.59705 -2.61911 -5.00924 1.11411 6.27425
0 -5.17868 -5.99975 -1.05084 -6.12767 -4.30935 -6.03758
0 2.35307 5.82312 -2.73286 5.3671 -4.58506 -5.86352
0 -3.97906 -1.89816 2.60591 4.08941 -0.573654 -5.57641
0 -2.02212 -1.18939 2.51356 0.355486 -3.6456 5.2623
0 -3.20466 -3.56538 2.08914 1.14589 3.19795 -3.96736
0 2.46473 -1.49491 -2.73096 6.06155 2.80652 -4.77726
0 -6.14979 -5.78388 1.30327 -3.99242 3.60846 3.25967
0 5.54523 -2.08875 -2.58491 -2.30776 0.947155 5.66645
0 0.368972 -0.794167 -2.57878 3.64308 5.29143 4.1073
0 -5.21839 0.357387 0.760116 1.8435 -2.80837 -2.43181
0 -5.67353 5.12124 -2.64417 3.8252 4.02741 -0.0815865
0 5.1852 -0.752187 2.16797 -1.04217 2.79703 -4.27724
0 6.23486 0.394629 -0.474048 -4.66673 -4.7273 -1.61131
0 -5.11419 -5.9456 -0.654421 3.32414 5.2171 5.43947
0 3.48624 6.18272 -1.56377 -0.351341 -4.17633 -3.44175
0 -4.86795 4.11975 -2.13823 2.93157 5.11242 -1.45729
0 5.54887 4.85531 -2.68474 5.53044 1.68869 5.27076
0 3.86455 2.57311 -0.325391 -4.33511 -0.187324 -3.33415
0 5.9739 -1.74221 2.46232 -6.01837 4.77658 -0.841531
0 -3.99701 -0.649173 1.78995 3.6675 -3.93738 -6.19511
0 4.31801 2.77814 2.62835 -2.50731 -5.09293 0.249772
0 4.36729 -3.46478 -1.14904 -1.15999 -2.66915 -1.65522
